# Frequency(THz) PDOS
0.000000 -0.007141
0.159155 0.000420
0.318310 0.024293
0.477465 0.066442
0.636620 0.125910
0.795775 0.195638
0.954930 0.262300
1.114085 0.309895
1.273240 0.325621
1.432394 0.305101
1.591549 0.254273
1.750704 0.186993
1.909859 0.119607
2.069014 0.065126
2.228169 0.029608
2.387324 0.011934
2.546479 0.006405
2.705634 0.006372
2.864789 0.007046
3.023944 0.006482
3.183099 0.004915
3.342254 0.003371
3.501409 0.002536
3.660564 0.002394
3.819719 0.002503
3.978874 0.002468
4.138029 0.002213
4.297183 0.001918
4.456338 0.001795
4.615493 0.001903
4.774648 0.002143
4.933803 0.002366
5.092958 0.002499
5.252113 0.002572
5.411268 0.002660
5.570423 0.002811
5.729578 0.003014
5.888733 0.003223
6.047888 0.003404
6.207043 0.003551
6.366198 0.003674
6.525353 0.003777
6.684508 0.003867
6.843663 0.003979
7.002817 0.004206
7.161972 0.004683
7.321127 0.005523
7.480282 0.006734
7.639437 0.008173
7.798592 0.009566
7.957747 0.010602
8.116902 0.011047
8.276057 0.010824
8.435212 0.010036
8.594367 0.008903
8.753522 0.007679
8.912677 0.006565
9.071832 0.005660
9.230987 0.004968
9.390142 0.004425
9.549297 0.003955
9.708452 0.003505
9.867606 0.003066
10.026761 0.002660
10.185916 0.002324
10.345071 0.002086
10.504226 0.001950
10.663381 0.001897
10.822536 0.001896
10.981691 0.001917
11.140846 0.001941
11.300001 0.001962
11.459156 0.001974
11.618311 0.001973
11.777466 0.001951
11.936621 0.001902
12.095776 0.001827
12.254931 0.001743
12.414086 0.001673
12.573241 0.001641
12.732395 0.001662
12.891550 0.001733
13.050705 0.001831
13.209860 0.001920
13.369015 0.001961
13.528170 0.001924
13.687325 0.001802
13.846480 0.001609
14.005635 0.001386
14.164790 0.001184
14.323945 0.001053
14.483100 0.001029
14.642255 0.001124
14.801410 0.001326
14.960565 0.001604
15.119720 0.001915
15.278875 0.002210
15.438029 0.002447
15.597184 0.002596
15.756339 0.002644
15.915494 0.002599
16.074649 0.002484
16.233804 0.002333
16.392959 0.002180
16.552114 0.002057
16.711269 0.001987
16.870424 0.001992
17.029579 0.002092
17.188734 0.002297
17.347889 0.002602
17.507044 0.002975
17.666199 0.003360
17.825354 0.003685
17.984509 0.003887
18.143664 0.003928
18.302818 0.003810
18.461973 0.003571
18.621128 0.003267
18.780283 0.002956
18.939438 0.002677
19.098593 0.002445
19.257748 0.002255
19.416903 0.002094
19.576058 0.001943
19.735213 0.001791
19.894368 0.001633
20.053523 0.001476
20.212678 0.001329
20.371833 0.001204
20.530988 0.001106
20.690143 0.001035
20.849298 0.000984
21.008452 0.000949
21.167607 0.000932
21.326762 0.000944
21.485917 0.000999
21.645072 0.001103
21.804227 0.001258
21.963382 0.001472
22.122537 0.001769
22.281692 0.002202
22.440847 0.002830
22.600002 0.003683
22.759157 0.004710
22.918312 0.005762
23.077467 0.006621
23.236622 0.007084
23.395777 0.007059
23.554932 0.006637
23.714087 0.006078
23.873241 0.005714
24.032396 0.005803
24.191551 0.006405
24.350706 0.007337
24.509861 0.008244
24.669016 0.008743
24.828171 0.008586
24.987326 0.007753
25.146481 0.006446
25.305636 0.004992
25.464791 0.003705
25.623946 0.002776
25.783101 0.002237
25.942256 0.001995
26.101411 0.001912
26.260566 0.001877
26.419721 0.001849
26.578875 0.001845
26.738030 0.001900
26.897185 0.002029
27.056340 0.002209
27.215495 0.002399
27.374650 0.002573
27.533805 0.002747
27.692960 0.002989
27.852115 0.003382
28.011270 0.003975
28.170425 0.004735
28.329580 0.005527
28.488735 0.006152
28.647890 0.006406
28.807045 0.006162
28.966200 0.005422
29.125355 0.004320
29.284510 0.003077
29.443664 0.001923
29.602819 0.001025
29.761974 0.000447
29.921129 0.000155
30.080284 0.000056
30.239439 0.000052
30.398594 0.000068
30.557749 0.000074
30.716904 0.000067
30.876059 0.000057
31.035214 0.000053
31.194369 0.000054
31.353524 0.000054
31.512679 0.000051
31.671834 0.000043
31.830989 0.000035
31.990144 0.000030
32.149299 0.000028
32.308453 0.000028
32.467608 0.000029
32.626763 0.000029
32.785918 0.000030
32.945073 0.000031
33.104228 0.000032
33.263383 0.000032
33.422538 0.000030
33.581693 0.000026
33.740848 0.000021
33.900003 0.000017
34.059158 0.000014
34.218313 0.000012
34.377468 0.000012
34.536623 0.000012
34.695778 0.000012
34.854933 0.000012
35.014087 0.000012
35.173242 0.000013
35.332397 0.000013
35.491552 0.000013
35.650707 0.000013
35.809862 0.000012
35.969017 0.000012
36.128172 0.000012
36.287327 0.000012
36.446482 0.000012
36.605637 0.000013
36.764792 0.000013
36.923947 0.000013
37.083102 0.000013
37.242257 0.000013
37.401412 0.000012
37.560567 0.000012
37.719722 0.000011
37.878876 0.000011
38.038031 0.000011
38.197186 0.000011
38.356341 0.000011
38.515496 0.000011
38.674651 0.000012
38.833806 0.000014
38.992961 0.000016
39.152116 0.000018
39.311271 0.000020
39.470426 0.000021
39.629581 0.000021
39.788736 0.000020
39.947891 0.000018
40.107046 0.000015
40.266201 0.000013
40.425356 0.000011
40.584510 0.000009
40.743665 0.000009
40.902820 0.000008
41.061975 0.000009
41.221130 0.000009
41.380285 0.000010
41.539440 0.000011
41.698595 0.000012
41.857750 0.000014
42.016905 0.000015
42.176060 0.000016
42.335215 0.000016
42.494370 0.000016
42.653525 0.000015
42.812680 0.000015
42.971835 0.000014
43.130990 0.000013
43.290145 0.000012
43.449299 0.000011
43.608454 0.000010
43.767609 0.000009
43.926764 0.000008
44.085919 0.000007
44.245074 0.000007
44.404229 0.000007
44.563384 0.000008
44.722539 0.000008
44.881694 0.000007
45.040849 0.000007
45.200004 0.000006
45.359159 0.000007
45.518314 0.000007
45.677469 0.000008
45.836624 0.000008
45.995779 0.000007
46.154933 0.000006
46.314088 0.000008
46.473243 0.000011
46.632398 0.000014
46.791553 0.000013
46.950708 0.000009
47.109863 0.000007
47.269018 0.000012
47.428173 0.000026
47.587328 0.000040
47.746483 0.000042
47.905638 0.000022
48.064793 -0.000005
48.223948 0.000004
48.383103 0.000118
48.542258 0.000400
48.701413 0.000870
48.860568 0.001481
49.019722 0.002115
49.178877 0.002615
49.338032 0.002846
49.497187 0.002745
49.656342 0.002341
49.815497 0.001750
49.974652 0.001122
50.133807 0.000591
50.292962 0.000233
50.452117 0.000053
50.611272 0.000005
50.770427 0.000022
50.929582 0.000049
51.088737 0.000056
51.247892 0.000043
51.407047 0.000024
51.566202 0.000014
51.725357 0.000021
51.884511 0.000037
52.043666 0.000050
52.202821 0.000054
52.361976 0.000051
52.521131 0.000053
52.680286 0.000069
52.839441 0.000096
52.998596 0.000116
53.157751 0.000110
53.316906 0.000075
53.476061 0.000033
53.635216 0.000020
53.794371 0.000058
53.953526 0.000124
54.112681 0.000150
54.271836 0.000075
54.430991 -0.000086
54.590145 -0.000173
54.749300 0.000108
54.908455 0.001090
55.067610 0.002972
55.226765 0.005659
55.385920 0.008707
55.545075 0.011417
55.704230 0.013067
55.863385 0.013182
56.022540 0.011727
56.181695 0.009124
56.340850 0.006081
56.500005 0.003327
56.659160 0.001357
56.818315 0.000307
56.977470 -0.000001
57.136625 0.000093
57.295780 0.000271
57.454934 0.000358
57.614089 0.000328
57.773244 0.000247
57.932399 0.000182
58.091554 0.000159
58.250709 0.000159
58.409864 0.000160
58.569019 0.000156
58.728174 0.000159
58.887329 0.000175
59.046484 0.000187
59.205639 0.000167
59.364794 0.000107
59.523949 0.000042
59.683104 0.000033
59.842259 0.000110
60.001414 0.000221
60.160568 0.000239
60.319723 0.000058
60.478878 -0.000251
60.638033 -0.000342
60.797188 0.000368
60.956343 0.002479
61.115498 0.006274
61.274653 0.011443
61.433808 0.017028
61.592963 0.021672
61.752118 0.024092
61.911273 0.023576
62.070428 0.020271
62.229583 0.015124
62.388738 0.009505
62.547893 0.004688
62.707048 0.001437
62.866203 -0.000151
63.025357 -0.000499
63.184512 -0.000244
63.343667 0.000081
63.502822 0.000213
63.661977 0.000150
63.821132 0.000022
63.980287 -0.000054
64.139442 -0.000041
64.298597 0.000017
64.457752 0.000061
64.616907 0.000059
64.776062 0.000026
64.935217 -0.000005
65.094372 -0.000011
65.253527 0.000005
65.412682 0.000024
65.571837 0.000029
65.730991 0.000019
65.890146 0.000005
66.049301 -0.000002
66.208456 0.000003
66.367611 0.000011
66.526766 0.000015
66.685921 0.000012
66.845076 0.000004
67.004231 -0.000001
67.163386 -0.000000
67.322541 0.000005
67.481696 0.000009
67.640851 0.000008
67.800006 0.000004
67.959161 0.000000
68.118316 -0.000000
68.277471 0.000002
68.436626 0.000005
68.595780 0.000005
68.754935 0.000003
68.914090 0.000001
69.073245 0.000000
69.232400 0.000002
69.391555 0.000005
69.550710 0.000006
69.709865 0.000005
69.869020 0.000003
70.028175 0.000002
70.187330 0.000002
70.346485 0.000003
70.505640 0.000004
70.664795 0.000004
70.823950 0.000003
70.983105 0.000002
71.142260 0.000002
71.301415 0.000003
71.460569 0.000004
71.619724 0.000004
71.778879 0.000004
71.938034 0.000003
72.097189 0.000002
72.256344 0.000003
72.415499 0.000004
72.574654 0.000004
72.733809 0.000004
72.892964 0.000003
73.052119 0.000003
73.211274 0.000003
73.370429 0.000003
73.529584 0.000003
73.688739 0.000003
73.847894 0.000002
74.007049 0.000001
74.166203 0.000001
74.325358 0.000002
74.484513 0.000002
74.643668 0.000002
74.802823 0.000002
74.961978 0.000002
75.121133 0.000001
75.280288 0.000002
75.439443 0.000002
75.598598 0.000002
75.757753 0.000001
75.916908 0.000001
76.076063 0.000001
76.235218 0.000001
76.394373 0.000001
76.553528 0.000001
76.712683 0.000001
76.871838 0.000000
77.030992 0.000000
77.190147 0.000000
77.349302 0.000001
77.508457 0.000001
77.667612 0.000001
77.826767 0.000000
77.985922 0.000000
78.145077 0.000000
78.304232 0.000000
78.463387 0.000001
78.622542 0.000001
78.781697 0.000001
78.940852 0.000000
79.100007 0.000000
79.259162 0.000000
79.418317 0.000001
79.577472 0.000001
79.736626 0.000001
79.895781 0.000001
80.054936 0.000001
80.214091 0.000001
80.373246 0.000002
80.532401 0.000002
80.691556 0.000002
80.850711 0.000002
81.009866 0.000002
81.169021 0.000002
81.328176 0.000002
81.487331 0.000001
81.646486 0.000001
81.805641 0.000001
81.964796 0.000001
82.123951 0.000000
82.283106 0.000001
82.442261 0.000001
82.601415 0.000001
82.760570 0.000001
82.919725 0.000001
83.078880 0.000001
83.238035 0.000002
83.397190 0.000002
83.556345 0.000002
83.715500 0.000002
83.874655 0.000001
84.033810 0.000001
84.192965 0.000001
84.352120 0.000000
84.511275 0.000000
84.670430 0.000000
84.829585 0.000000
84.988740 0.000000
85.147895 0.000000
85.307049 0.000000
85.466204 0.000000
85.625359 0.000000
85.784514 0.000000
85.943669 0.000000
86.102824 -0.000000
86.261979 0.000000
86.421134 0.000000
86.580289 0.000000
86.739444 0.000000
86.898599 0.000000
87.057754 0.000000
87.216909 0.000000
87.376064 0.000000
87.535219 0.000000
87.694374 0.000000
87.853529 0.000000
88.012684 0.000000
88.171838 0.000000
88.330993 0.000001
88.490148 0.000001
88.649303 0.000001
88.808458 0.000001
88.967613 0.000001
89.126768 0.000001
89.285923 0.000001
89.445078 0.000001
89.604233 0.000001
89.763388 0.000000
89.922543 0.000000
90.081698 0.000000
90.240853 -0.000000
90.400008 0.000000
90.559163 0.000000
90.718318 0.000000
90.877473 0.000001
91.036627 0.000001
91.195782 0.000002
91.354937 0.000003
91.514092 0.000005
91.673247 0.000009
91.832402 0.000014
91.991557 0.000020
92.150712 0.000025
92.309867 0.000029
92.469022 0.000030
92.628177 0.000028
92.787332 0.000023
92.946487 0.000017
93.105642 0.000011
93.264797 0.000006
93.423952 0.000003
93.583107 0.000001
93.742261 0.000001
93.901416 0.000001
94.060571 0.000001
94.219726 0.000001
94.378881 0.000001
94.538036 0.000000
94.697191 0.000000
94.856346 0.000000
95.015501 0.000000
95.174656 0.000000
95.333811 0.000000
95.492966 0.000000
95.652121 -0.000000
95.811276 -0.000000
95.970431 -0.000000
96.129586 -0.000000
96.288741 -0.000000
96.447896 -0.000000
96.607050 -0.000000
96.766205 -0.000000
96.925360 -0.000000
97.084515 -0.000000
97.243670 0.000000
97.402825 0.000000
97.561980 0.000000
97.721135 0.000000
97.880290 0.000000
98.039445 0.000000
98.198600 0.000000
98.357755 0.000000
98.516910 -0.000000
98.676065 -0.000000
98.835220 -0.000000
98.994375 -0.000000
99.153530 -0.000000
99.312684 -0.000000
99.471839 -0.000000
99.630994 -0.000000
99.790149 -0.000000
99.949304 -0.000000
100.108459 0.000000
100.267614 0.000000
100.426769 0.000000
100.585924 0.000000
100.745079 0.000000
100.904234 0.000000
101.063389 -0.000000
101.222544 -0.000000
101.381699 -0.000000
101.540854 -0.000000
101.700009 -0.000000
101.859164 -0.000000
102.018319 -0.000000
102.177473 -0.000000
102.336628 -0.000000
102.495783 -0.000000
102.654938 -0.000000
102.814093 -0.000000
102.973248 -0.000000
103.132403 -0.000000
103.291558 -0.000000
103.450713 -0.000000
103.609868 -0.000000
103.769023 -0.000000
103.928178 -0.000000
104.087333 -0.000000
104.246488 -0.000000
104.405643 -0.000000
104.564798 -0.000000
104.723953 -0.000000
104.883107 -0.000000
105.042262 -0.000000
105.201417 -0.000000
105.360572 -0.000000
105.519727 -0.000000
105.678882 -0.000000
105.838037 -0.000000
105.997192 -0.000000
106.156347 -0.000000
106.315502 -0.000000
106.474657 0.000000
106.633812 0.000000
106.792967 -0.000000
106.952122 -0.000000
107.111277 -0.000000
107.270432 -0.000000
107.429587 -0.000000
107.588742 -0.000000
107.747896 -0.000000
107.907051 -0.000000
108.066206 -0.000000
108.225361 -0.000000
108.384516 -0.000000
108.543671 -0.000000
108.702826 -0.000000
108.861981 -0.000000
109.021136 -0.000000
109.180291 -0.000000
109.339446 -0.000000
109.498601 -0.000000
109.657756 -0.000000
109.816911 -0.000000
109.976066 -0.000000
110.135221 -0.000000
110.294376 -0.000000
110.453531 -0.000000
110.612685 -0.000000
110.771840 -0.000000
110.930995 -0.000000
111.090150 -0.000000
111.249305 -0.000000
111.408460 -0.000000
111.567615 -0.000000
111.726770 -0.000000
111.885925 -0.000000
112.045080 -0.000000
112.204235 -0.000000
112.363390 -0.000000
112.522545 -0.000000
112.681700 -0.000000
112.840855 -0.000000
113.000010 -0.000000
113.159165 -0.000000
113.318319 -0.000000
113.477474 -0.000000
113.636629 -0.000000
113.795784 -0.000000
113.954939 -0.000000
114.114094 -0.000000
114.273249 -0.000000
114.432404 -0.000000
114.591559 -0.000000
114.750714 -0.000000
114.909869 -0.000000
115.069024 -0.000000
115.228179 -0.000000
115.387334 -0.000000
115.546489 -0.000000
115.705644 -0.000000
115.864799 -0.000000
116.023954 -0.000000
116.183108 -0.000000
116.342263 0.000000
116.501418 0.000000
116.660573 0.000000
116.819728 0.000000
116.978883 -0.000000
117.138038 -0.000000
117.297193 -0.000000
117.456348 -0.000000
117.615503 -0.000000
117.774658 -0.000000
117.933813 -0.000000
118.092968 -0.000000
118.252123 -0.000000
118.411278 -0.000000
118.570433 -0.000000
118.729588 -0.000000
118.888742 -0.000000
119.047897 -0.000000
119.207052 -0.000000
119.366207 -0.000000
119.525362 -0.000000
119.684517 -0.000000
119.843672 -0.000000
120.002827 -0.000000
120.161982 -0.000000
120.321137 -0.000000
120.480292 -0.000000
120.639447 -0.000000
120.798602 -0.000000
120.957757 -0.000000
121.116912 -0.000000
121.276067 -0.000000
121.435222 -0.000000
121.594377 -0.000000
121.753531 -0.000000
121.912686 -0.000000
122.071841 -0.000000
122.230996 -0.000000
122.390151 -0.000000
122.549306 -0.000000
122.708461 -0.000000
122.867616 -0.000000
123.026771 -0.000000
123.185926 -0.000000
123.345081 -0.000000
123.504236 -0.000000
123.663391 -0.000000
123.822546 -0.000000
123.981701 -0.000000
124.140856 -0.000000
124.300011 -0.000000
124.459165 -0.000000
124.618320 -0.000000
124.777475 -0.000000
124.936630 -0.000000
125.095785 -0.000000
125.254940 -0.000000
125.414095 -0.000000
125.573250 -0.000000
125.732405 -0.000000
125.891560 -0.000000
126.050715 -0.000000
126.209870 -0.000000
126.369025 -0.000000
126.528180 -0.000000
126.687335 -0.000000
126.846490 -0.000000
127.005645 -0.000000
127.164800 -0.000000
127.323954 -0.000000
127.483109 -0.000000
127.642264 -0.000000
127.801419 -0.000000
127.960574 -0.000000
128.119729 -0.000000
128.278884 -0.000000
128.438039 -0.000000
128.597194 -0.000000
128.756349 -0.000000
128.915504 -0.000000
129.074659 -0.000000
129.233814 -0.000000
129.392969 -0.000000
129.552124 -0.000000
129.711279 -0.000000
129.870434 -0.000000
130.029589 -0.000000
130.188743 -0.000000
130.347898 -0.000000
130.507053 -0.000000
130.666208 -0.000000
130.825363 -0.000000
130.984518 -0.000000
131.143673 -0.000000
131.302828 -0.000000
131.461983 -0.000000
131.621138 -0.000000
131.780293 -0.000000
131.939448 -0.000000
132.098603 -0.000000
132.257758 -0.000000
132.416913 -0.000000
132.576068 -0.000000
132.735223 -0.000000
132.894377 -0.000000
133.053532 -0.000000
133.212687 -0.000000
133.371842 -0.000000
133.530997 -0.000000
133.690152 -0.000000
133.849307 -0.000000
134.008462 -0.000000
134.167617 -0.000000
134.326772 -0.000000
134.485927 -0.000000
134.645082 -0.000000
134.804237 -0.000000
134.963392 -0.000000
135.122547 -0.000000
135.281702 -0.000000
135.440857 -0.000000
135.600012 -0.000000
135.759166 -0.000000
135.918321 -0.000000
136.077476 -0.000000
136.236631 -0.000000
136.395786 -0.000000
136.554941 -0.000000
136.714096 -0.000000
136.873251 -0.000000
137.032406 -0.000000
137.191561 -0.000000
137.350716 -0.000000
137.509871 -0.000000
137.669026 -0.000000
137.828181 -0.000000
137.987336 -0.000000
138.146491 -0.000000
138.305646 -0.000000
138.464800 -0.000000
138.623955 -0.000000
138.783110 -0.000000
138.942265 -0.000000
139.101420 -0.000000
139.260575 -0.000000
139.419730 -0.000000
139.578885 -0.000000
139.738040 -0.000000
139.897195 -0.000000
140.056350 -0.000000
140.215505 -0.000000
140.374660 -0.000000
140.533815 -0.000000
140.692970 -0.000000
140.852125 -0.000000
141.011280 -0.000000
141.170435 -0.000000
141.329589 -0.000000
141.488744 -0.000000
141.647899 -0.000000
141.807054 -0.000000
141.966209 -0.000000
142.125364 -0.000000
142.284519 -0.000000
142.443674 -0.000000
142.602829 -0.000000
142.761984 -0.000000
142.921139 -0.000000
143.080294 -0.000000
143.239449 -0.000000
143.398604 -0.000000
143.557759 -0.000000
143.716914 -0.000000
143.876069 -0.000000
144.035223 -0.000000
144.194378 -0.000000
144.353533 -0.000000
144.512688 -0.000000
144.671843 -0.000000
144.830998 -0.000000
144.990153 -0.000000
145.149308 -0.000000
145.308463 -0.000000
145.467618 -0.000000
145.626773 -0.000000
145.785928 -0.000000
145.945083 -0.000000
146.104238 -0.000000
146.263393 -0.000000
146.422548 -0.000000
146.581703 -0.000000
146.740858 -0.000000
146.900012 -0.000000
147.059167 -0.000000
147.218322 -0.000000
147.377477 -0.000000
147.536632 -0.000000
147.695787 -0.000000
147.854942 -0.000000
148.014097 -0.000000
148.173252 -0.000000
148.332407 -0.000000
148.491562 -0.000000
148.650717 -0.000000
148.809872 -0.000000
148.969027 -0.000000
149.128182 -0.000000
149.287337 -0.000000
149.446492 -0.000000
149.605647 -0.000000
149.764801 -0.000000
149.923956 -0.000000
150.083111 -0.000000
150.242266 -0.000000
150.401421 -0.000000
150.560576 -0.000000
150.719731 -0.000000
150.878886 -0.000000
151.038041 -0.000000
151.197196 -0.000000
151.356351 -0.000000
151.515506 -0.000000
151.674661 -0.000000
151.833816 -0.000000
151.992971 -0.000000
152.152126 -0.000000
152.311281 -0.000000
152.470435 -0.000000
152.629590 -0.000000
152.788745 -0.000000
152.947900 -0.000000
153.107055 -0.000000
153.266210 -0.000000
153.425365 -0.000000
153.584520 -0.000000
153.743675 -0.000000
153.902830 -0.000000
154.061985 -0.000000
154.221140 -0.000000
154.380295 -0.000000
154.539450 -0.000000
154.698605 -0.000000
154.857760 -0.000000
155.016915 -0.000000
155.176070 -0.000000
155.335224 -0.000000
155.494379 -0.000000
155.653534 -0.000000
155.812689 -0.000000
155.971844 -0.000000
156.130999 -0.000000
156.290154 -0.000000
156.449309 -0.000000
156.608464 -0.000000
156.767619 -0.000000
156.926774 -0.000000
157.085929 -0.000000
157.245084 -0.000000
157.404239 -0.000000
157.563394 -0.000000
157.722549 -0.000000
157.881704 -0.000000
158.040858 -0.000000
158.200013 -0.000000
158.359168 -0.000000
158.518323 -0.000000
158.677478 -0.000000
158.836633 -0.000000
158.995788 -0.000000
159.154943 -0.000000
