# frequency	phase_space
-2.230614e-05	0.000000e+00
8.198409e-05	0.000000e+00
1.164992e-04	0.000000e+00
6.169903e-01	2.371312e+06
1.791065e+00	5.069972e+06
1.850957e+00	5.328268e+06
2.595942e+00	8.339701e+06
2.857030e+00	9.372002e+06
3.107508e+00	7.146333e+06
3.899574e+00	1.076802e+07
3.934748e+00	1.164915e+07
5.363973e+00	1.906425e+07
5.462642e+00	1.556512e+07
5.536340e+00	1.318139e+07
5.543507e+00	1.314070e+07
5.818781e+00	1.811553e+07
6.246789e+00	1.841830e+07
6.765037e+00	1.945208e+07
7.148237e+00	1.827059e+07
7.732087e+00	1.780947e+07
8.189362e+00	2.211300e+07
8.385984e+00	1.879426e+07
8.506569e+00	1.893494e+07
8.589737e+00	2.006702e+07
8.699013e+00	2.118847e+07
8.748161e+00	2.587143e+07
9.187783e+00	2.236183e+07
9.550320e+00	2.467680e+07
9.657713e+00	2.401229e+07
9.835739e+00	1.909874e+07
1.005070e+01	1.910832e+07
1.019744e+01	2.196890e+07
1.040066e+01	2.258984e+07
1.068123e+01	2.334123e+07
1.076283e+01	2.631805e+07
1.082256e+01	2.110352e+07
1.121050e+01	1.988671e+07
1.135133e+01	2.635438e+07
1.178393e+01	2.352787e+07
1.194565e+01	3.290596e+07
1.266360e+01	2.624320e+07
1.317502e+01	3.164153e+07
1.327758e+01	3.425443e+07
1.346352e+01	3.179774e+07
1.380087e+01	3.047423e+07
1.397849e+01	3.937979e+07
1.400532e+01	3.200269e+07
1.417344e+01	2.533448e+07
1.459575e+01	2.784844e+07
1.473838e+01	2.757287e+07
1.508500e+01	2.744246e+07
1.548424e+01	2.636513e+07
1.620766e+01	3.176515e+07
1.672179e+01	3.624606e+07
1.714353e+01	3.758718e+07
1.717424e+01	3.361912e+07
1.730064e+01	2.896372e+07
1.753880e+01	2.822410e+07
1.753943e+01	2.821946e+07
1.761027e+01	2.795263e+07
1.773853e+01	3.106695e+07
1.797637e+01	3.068319e+07
1.827171e+01	5.501514e+07
1.840684e+01	3.083076e+07
1.852788e+01	3.829591e+07
1.923393e+01	3.216816e+07
1.938468e+01	3.824538e+07
2.000091e+01	4.010448e+07
2.002459e+01	4.355634e+07
2.036190e+01	3.772054e+07
2.135958e+01	4.278033e+07
2.183263e+01	3.418153e+07
2.192743e+01	3.042754e+07
2.193538e+01	2.994440e+07
2.194251e+01	2.992161e+07
2.194614e+01	3.020076e+07
2.204378e+01	3.095309e+07
2.216694e+01	3.064508e+07
2.244836e+01	4.048906e+07
2.282214e+01	2.882407e+07
2.283006e+01	2.803631e+07
2.305064e+01	3.016533e+07
2.306637e+01	2.895979e+07
2.308103e+01	3.015488e+07
2.308149e+01	3.030264e+07
2.376473e+01	3.115079e+07
2.388179e+01	3.320486e+07
2.399605e+01	3.398533e+07
2.442387e+01	3.199918e+07
2.448218e+01	3.888199e+07
2.488913e+01	4.062288e+07
2.489746e+01	4.120272e+07
2.499594e+01	4.176795e+07
2.640764e+01	3.596433e+07
2.644134e+01	3.836959e+07
2.720614e+01	3.545945e+07
2.721557e+01	3.041363e+07
2.722796e+01	3.062295e+07
2.732768e+01	3.753889e+07
2.732811e+01	3.753762e+07
2.734281e+01	3.891530e+07
2.750531e+01	3.865697e+07
2.764928e+01	3.584339e+07
2.776721e+01	3.332334e+07
2.819637e+01	3.666502e+07
2.822557e+01	3.633764e+07
2.832784e+01	3.369902e+07
2.887857e+01	4.531890e+07
2.893792e+01	4.305388e+07
2.923477e+01	3.270818e+07
2.946837e+01	3.263116e+07
2.970510e+01	3.489161e+07
2.974635e+01	3.415117e+07
2.976890e+01	3.284485e+07
2.980954e+01	3.331611e+07
2.985521e+01	3.896340e+07
3.030093e+01	4.395053e+07
3.043503e+01	3.829262e+07
3.046132e+01	3.388847e+07
3.059121e+01	4.138731e+07
3.128160e+01	4.114764e+07
3.144875e+01	4.355242e+07
3.233929e+01	4.845750e+07
3.258586e+01	3.646147e+07
3.459230e+01	2.794851e+07
3.468598e+01	3.492655e+07
3.470621e+01	3.411751e+07
3.472429e+01	3.910164e+07
3.510790e+01	2.562553e+07
3.523828e+01	2.843095e+07
3.528313e+01	2.972878e+07
3.528643e+01	3.123220e+07
3.529408e+01	3.362287e+07
3.549101e+01	3.036560e+07
3.556471e+01	3.211783e+07
3.565045e+01	2.598883e+07
3.565383e+01	2.594273e+07
3.567207e+01	2.553277e+07
3.586753e+01	2.474753e+07
3.588264e+01	2.570576e+07
3.679614e+01	3.455680e+07
3.706001e+01	4.503639e+07
3.711529e+01	3.801555e+07
3.721940e+01	3.250341e+07
3.928193e+01	3.011650e+07
3.928529e+01	2.983353e+07
3.930506e+01	2.706771e+07
3.931769e+01	2.677660e+07
4.206966e+01	3.527958e+07
4.207160e+01	3.695581e+07
4.213707e+01	3.149652e+07
4.215357e+01	2.718834e+07
4.446003e+01	3.140941e+07
4.446003e+01	3.140912e+07
4.451692e+01	2.739491e+07
4.451777e+01	2.728696e+07
4.453476e+01	2.501507e+07
4.453965e+01	2.427993e+07
4.478169e+01	2.487321e+07
4.478197e+01	2.487534e+07
4.889670e+01	2.211157e+07
4.889761e+01	2.214735e+07
4.892723e+01	2.267949e+07
4.894113e+01	2.230403e+07
4.915713e+01	2.146070e+07
4.915789e+01	2.145290e+07
4.918175e+01	2.086201e+07
4.919303e+01	2.096034e+07
5.397556e+01	2.782830e+07
5.397894e+01	2.784786e+07
5.399981e+01	2.878273e+07
5.402190e+01	2.797651e+07
5.427948e+01	2.594092e+07
5.428446e+01	2.589414e+07
5.431073e+01	2.493152e+07
5.433939e+01	2.164406e+07
5.504398e+01	2.129532e+07
5.510125e+01	2.150115e+07
5.510609e+01	2.166660e+07
5.511879e+01	2.147239e+07
5.543165e+01	2.232880e+07
5.548212e+01	2.871229e+07
5.548620e+01	2.830397e+07
5.550135e+01	2.575142e+07
5.565996e+01	2.210843e+07
5.566203e+01	2.211566e+07
5.568257e+01	2.428165e+07
5.569177e+01	3.475536e+07
5.653174e+01	3.094704e+07
5.653192e+01	3.092817e+07
5.653402e+01	3.071774e+07
5.653489e+01	3.062516e+07
5.832514e+01	3.256706e+07
5.832558e+01	3.266014e+07
5.833395e+01	3.495790e+07
5.833684e+01	3.528852e+07
6.112737e+01	1.731674e+07
6.113577e+01	1.877492e+07
6.121979e+01	1.768305e+07
6.124134e+01	1.973827e+07
6.124135e+01	1.973921e+07
6.124375e+01	2.008674e+07
6.124460e+01	2.026561e+07
6.125431e+01	2.257332e+07
6.151959e+01	2.055288e+07
6.152680e+01	2.026218e+07
6.159963e+01	1.437896e+07
6.162947e+01	1.669122e+07
9.094704e+01	1.297722e+07
9.094704e+01	1.297497e+07
9.094705e+01	1.297204e+07
9.094705e+01	1.297036e+07
9.107075e+01	7.888589e+06
9.107075e+01	7.886891e+06
9.107076e+01	7.886067e+06
9.107076e+01	7.884763e+06
9.121664e+01	4.914921e+06
9.121667e+01	4.917853e+06
9.121667e+01	4.918277e+06
9.121670e+01	4.921802e+06
9.131865e+01	1.198588e+07
9.131867e+01	1.198349e+07
9.131868e+01	1.198194e+07
9.131871e+01	1.197912e+07
1.161375e+02	8.966205e+05
1.161375e+02	8.966266e+05
1.161726e+02	2.735206e+06
1.161726e+02	2.735234e+06
8.674563e-01	7.707159e+06
1.478376e+00	9.652010e+06
1.520813e+00	9.871263e+06
1.954041e+00	1.348128e+07
2.565455e+00	1.463291e+07
3.209002e+00	2.180750e+07
3.253830e+00	2.039358e+07
3.476523e+00	2.134983e+07
3.772697e+00	2.308656e+07
4.307910e+00	2.662627e+07
4.445454e+00	3.071125e+07
4.658274e+00	2.788569e+07
4.964729e+00	3.209115e+07
5.218475e+00	3.076469e+07
5.515048e+00	3.677585e+07
6.034360e+00	4.267331e+07
6.787971e+00	4.042532e+07
6.907472e+00	4.449377e+07
7.225213e+00	4.280334e+07
7.236675e+00	4.266731e+07
7.905674e+00	4.454574e+07
8.357775e+00	4.235621e+07
8.607730e+00	4.767924e+07
8.707110e+00	4.735577e+07
8.740417e+00	5.329276e+07
8.782976e+00	4.837929e+07
9.313359e+00	5.068988e+07
9.449937e+00	4.833770e+07
9.650412e+00	5.928415e+07
9.818329e+00	5.443018e+07
9.834601e+00	5.200830e+07
1.049938e+01	4.881554e+07
1.060080e+01	5.624833e+07
1.065812e+01	5.012615e+07
1.068224e+01	4.207510e+07
1.070125e+01	4.143606e+07
1.079130e+01	4.225155e+07
1.112912e+01	5.688579e+07
1.116758e+01	5.591698e+07
1.186492e+01	5.722995e+07
1.282705e+01	5.775500e+07
1.286353e+01	6.076246e+07
1.295408e+01	5.996016e+07
1.329829e+01	5.967550e+07
1.340443e+01	5.704374e+07
1.378211e+01	5.984665e+07
1.408677e+01	5.359523e+07
1.425692e+01	5.917586e+07
1.441302e+01	5.270710e+07
1.508191e+01	5.413760e+07
1.509583e+01	5.325102e+07
1.556467e+01	5.571928e+07
1.559229e+01	5.994837e+07
1.621519e+01	6.029958e+07
1.634475e+01	5.929580e+07
1.694122e+01	5.808772e+07
1.707953e+01	1.053895e+08
1.723580e+01	6.658578e+07
1.745785e+01	5.792491e+07
1.773591e+01	6.190105e+07
1.789412e+01	6.029668e+07
1.821015e+01	6.423871e+07
1.873720e+01	6.511885e+07
1.891687e+01	7.370338e+07
1.938373e+01	7.119046e+07
1.962191e+01	6.501585e+07
1.985820e+01	6.417383e+07
2.006935e+01	6.509613e+07
2.020230e+01	7.572405e+07
2.036207e+01	7.735475e+07
2.148762e+01	7.817603e+07
2.158014e+01	8.087393e+07
2.181216e+01	7.629590e+07
2.182255e+01	7.197725e+07
2.215371e+01	6.240916e+07
2.220230e+01	5.956300e+07
2.248673e+01	6.962336e+07
2.274465e+01	7.243686e+07
2.275174e+01	7.039848e+07
2.302855e+01	5.941890e+07
2.303834e+01	5.426708e+07
2.304500e+01	5.448767e+07
2.304751e+01	5.481822e+07
2.335172e+01	6.986236e+07
2.349767e+01	6.840329e+07
2.355467e+01	6.243384e+07
2.361926e+01	7.922853e+07
2.384799e+01	6.786673e+07
2.389551e+01	7.187081e+07
2.441824e+01	8.862027e+07
2.455725e+01	8.535841e+07
2.461133e+01	8.887890e+07
2.578839e+01	8.003379e+07
2.612895e+01	7.840762e+07
2.650339e+01	7.794944e+07
2.669630e+01	8.037216e+07
2.679951e+01	6.762648e+07
2.714075e+01	7.347743e+07
2.716351e+01	8.306413e+07
2.724514e+01	7.803761e+07
2.748537e+01	6.293281e+07
2.762454e+01	7.144460e+07
2.787006e+01	6.442728e+07
2.787110e+01	6.422411e+07
2.799919e+01	7.034194e+07
2.800763e+01	6.260974e+07
2.828930e+01	7.254296e+07
2.885113e+01	8.260234e+07
2.894376e+01	7.988034e+07
2.933924e+01	1.037417e+08
2.934472e+01	7.307750e+07
2.969127e+01	6.965340e+07
2.970653e+01	7.471416e+07
2.975885e+01	8.343803e+07
2.977494e+01	7.498131e+07
2.981697e+01	7.043344e+07
3.042466e+01	6.333890e+07
3.059802e+01	8.181813e+07
3.077406e+01	8.065930e+07
3.095490e+01	8.175810e+07
3.111821e+01	8.497272e+07
3.129102e+01	9.462427e+07
3.209323e+01	8.123950e+07
3.233065e+01	8.840162e+07
3.462013e+01	6.333801e+07
3.469845e+01	6.195530e+07
3.470583e+01	5.911209e+07
3.473203e+01	5.703247e+07
3.512881e+01	5.087224e+07
3.515322e+01	5.191959e+07
3.518362e+01	6.112472e+07
3.518600e+01	4.963099e+07
3.524657e+01	6.473815e+07
3.550552e+01	6.015798e+07
3.550710e+01	6.242720e+07
3.563602e+01	5.875232e+07
3.567556e+01	5.050128e+07
3.568957e+01	5.272290e+07
3.582805e+01	6.379531e+07
3.585066e+01	6.049156e+07
3.684412e+01	6.381330e+07
3.706939e+01	8.062000e+07
3.707913e+01	8.256670e+07
3.719157e+01	7.173867e+07
3.929603e+01	5.463595e+07
3.930140e+01	5.229092e+07
3.931252e+01	5.168109e+07
3.932438e+01	6.156544e+07
4.207582e+01	5.607018e+07
4.208151e+01	5.645437e+07
4.212320e+01	9.943469e+07
4.213947e+01	4.791376e+07
4.447005e+01	4.832336e+07
4.447393e+01	5.016571e+07
4.447777e+01	5.487522e+07
4.449353e+01	5.037282e+07
4.450999e+01	4.983247e+07
4.452832e+01	4.866265e+07
4.473711e+01	6.288678e+07
4.473901e+01	5.934244e+07
4.893145e+01	3.893072e+07
4.893402e+01	4.057188e+07
4.895335e+01	3.776900e+07
4.896508e+01	4.535735e+07
4.922551e+01	4.082399e+07
4.922765e+01	4.115111e+07
4.924317e+01	4.291229e+07
4.925277e+01	3.789409e+07
5.396315e+01	6.670455e+07
5.396358e+01	7.127587e+07
5.397821e+01	5.020465e+07
5.399637e+01	5.380216e+07
5.427121e+01	4.086424e+07
5.427122e+01	4.086857e+07
5.429005e+01	4.709775e+07
5.431367e+01	5.140429e+07
5.505166e+01	4.563756e+07
5.509577e+01	5.099549e+07
5.510254e+01	5.128904e+07
5.511478e+01	5.478763e+07
5.543845e+01	5.544750e+07
5.547714e+01	5.859922e+07
5.548383e+01	6.618617e+07
5.549732e+01	7.242612e+07
5.568214e+01	5.216223e+07
5.568523e+01	4.460538e+07
5.569818e+01	5.209675e+07
5.570618e+01	4.715207e+07
5.658491e+01	4.563840e+07
5.658519e+01	4.566414e+07
5.658652e+01	4.421148e+07
5.658725e+01	4.346395e+07
5.830730e+01	4.863733e+07
5.830809e+01	4.841148e+07
5.831363e+01	4.544343e+07
5.831618e+01	4.342052e+07
6.114150e+01	3.181413e+07
6.115346e+01	3.059265e+07
6.120690e+01	4.123684e+07
6.121252e+01	3.581336e+07
6.121286e+01	3.427532e+07
6.121457e+01	3.329790e+07
6.121526e+01	3.340772e+07
6.123759e+01	3.736090e+07
6.153248e+01	2.816307e+07
6.154280e+01	2.755808e+07
6.158906e+01	3.734284e+07
6.161537e+01	3.080934e+07
9.099544e+01	1.666306e+07
9.099544e+01	1.666313e+07
9.099545e+01	1.666341e+07
9.099545e+01	1.666374e+07
9.100674e+01	1.733075e+07
9.100674e+01	1.732947e+07
9.100674e+01	1.732818e+07
9.100674e+01	1.732804e+07
9.127136e+01	3.081204e+07
9.127138e+01	3.044018e+07
9.127139e+01	3.022670e+07
9.127141e+01	2.985067e+07
9.127957e+01	2.073356e+07
9.127958e+01	2.070863e+07
9.127959e+01	2.068283e+07
9.127960e+01	2.066082e+07
1.161426e+02	3.361870e+06
1.161426e+02	3.361828e+06
1.161675e+02	2.916373e+06
1.161675e+02	2.916370e+06
1.280325e+00	3.104022e+06
1.280325e+00	3.104022e+06
2.403842e+00	8.852019e+06
2.403842e+00	8.852019e+06
3.537801e+00	8.622988e+06
3.537801e+00	8.622988e+06
4.293791e+00	1.238836e+07
4.293791e+00	1.238836e+07
4.312045e+00	1.280837e+07
4.312045e+00	1.280837e+07
4.530400e+00	1.301533e+07
4.530400e+00	1.301533e+07
5.055783e+00	1.335900e+07
5.055783e+00	1.335900e+07
6.128210e+00	2.158488e+07
6.128210e+00	2.158488e+07
6.532610e+00	2.004554e+07
6.532610e+00	2.004554e+07
6.921480e+00	2.200929e+07
6.921480e+00	2.200929e+07
8.375247e+00	1.798418e+07
8.375247e+00	1.798418e+07
8.530707e+00	2.217574e+07
8.530707e+00	2.217574e+07
8.733936e+00	2.329664e+07
8.733936e+00	2.329664e+07
9.515026e+00	2.316529e+07
9.515026e+00	2.316529e+07
9.880116e+00	2.185140e+07
9.880116e+00	2.185140e+07
1.030683e+01	2.528873e+07
1.030683e+01	2.528873e+07
1.040079e+01	2.028392e+07
1.040079e+01	2.028391e+07
1.069092e+01	2.929857e+07
1.069092e+01	2.929855e+07
1.075563e+01	2.439219e+07
1.075563e+01	2.439219e+07
1.133600e+01	2.446915e+07
1.133600e+01	2.446915e+07
1.234534e+01	3.086907e+07
1.234534e+01	3.086907e+07
1.312976e+01	2.701328e+07
1.312976e+01	2.701328e+07
1.349921e+01	3.004905e+07
1.349921e+01	3.004905e+07
1.409791e+01	3.038738e+07
1.409791e+01	3.038738e+07
1.415549e+01	2.677480e+07
1.415549e+01	2.677480e+07
1.508673e+01	2.518909e+07
1.508673e+01	2.518909e+07
1.618542e+01	3.225038e+07
1.618542e+01	3.225038e+07
1.637744e+01	3.102434e+07
1.637744e+01	3.102434e+07
1.692347e+01	2.873737e+07
1.692347e+01	2.873737e+07
1.776906e+01	2.936195e+07
1.776906e+01	2.936194e+07
1.786580e+01	2.660530e+07
1.786580e+01	2.660530e+07
1.922841e+01	3.479464e+07
1.922841e+01	3.479464e+07
1.978905e+01	2.995651e+07
1.978905e+01	2.995651e+07
2.101390e+01	3.337255e+07
2.101390e+01	3.337255e+07
2.103133e+01	3.377706e+07
2.103133e+01	3.377706e+07
2.112572e+01	3.541277e+07
2.112572e+01	3.541277e+07
2.180522e+01	3.038524e+07
2.180522e+01	3.038524e+07
2.221081e+01	3.167983e+07
2.221081e+01	3.167983e+07
2.246967e+01	3.368015e+07
2.246967e+01	3.368015e+07
2.250017e+01	3.655510e+07
2.250017e+01	3.655510e+07
2.300628e+01	4.350263e+07
2.300628e+01	4.350263e+07
2.301301e+01	3.700653e+07
2.301301e+01	3.700652e+07
2.347692e+01	3.185423e+07
2.347692e+01	3.185423e+07
2.391316e+01	3.547494e+07
2.391316e+01	3.547494e+07
2.483328e+01	4.291588e+07
2.483328e+01	4.291588e+07
2.503545e+01	4.014128e+07
2.503545e+01	4.014128e+07
2.552629e+01	3.843216e+07
2.552629e+01	3.843216e+07
2.614566e+01	4.081306e+07
2.614566e+01	4.081306e+07
2.687847e+01	4.016705e+07
2.687847e+01	4.016705e+07
2.699932e+01	4.386917e+07
2.699932e+01	4.386917e+07
2.761482e+01	3.352856e+07
2.761482e+01	3.352856e+07
2.770257e+01	3.468020e+07
2.770257e+01	3.468020e+07
2.815738e+01	3.831747e+07
2.815738e+01	3.831747e+07
2.851005e+01	3.330571e+07
2.851005e+01	3.330571e+07
2.911102e+01	3.253115e+07
2.911102e+01	3.253115e+07
2.953860e+01	3.611993e+07
2.953860e+01	3.611993e+07
2.972311e+01	4.639842e+07
2.972311e+01	4.639842e+07
2.976314e+01	3.671095e+07
2.976314e+01	3.671095e+07
3.075211e+01	3.232195e+07
3.075211e+01	3.232195e+07
3.093329e+01	3.667772e+07
3.093329e+01	3.667772e+07
3.147116e+01	4.827337e+07
3.147116e+01	4.827337e+07
3.168622e+01	4.863626e+07
3.168622e+01	4.863626e+07
3.466944e+01	3.426285e+07
3.466944e+01	3.426285e+07
3.473255e+01	3.667835e+07
3.473255e+01	3.667835e+07
3.507259e+01	2.524994e+07
3.507259e+01	2.524994e+07
3.507633e+01	2.525916e+07
3.507633e+01	2.525916e+07
3.536510e+01	2.718446e+07
3.536510e+01	2.718446e+07
3.556295e+01	3.812978e+07
3.556295e+01	3.812978e+07
3.574474e+01	2.580845e+07
3.574474e+01	2.580845e+07
3.577189e+01	2.353642e+07
3.577189e+01	2.353642e+07
3.695775e+01	3.593598e+07
3.695775e+01	3.593598e+07
3.713100e+01	4.233331e+07
3.713100e+01	4.233331e+07
3.931514e+01	2.851078e+07
3.931514e+01	2.851078e+07
3.932437e+01	2.757367e+07
3.932437e+01	2.757367e+07
4.209567e+01	3.169023e+07
4.209567e+01	3.169023e+07
4.210840e+01	3.167001e+07
4.210840e+01	3.167001e+07
4.443284e+01	3.080843e+07
4.443284e+01	3.080843e+07
4.444312e+01	3.041651e+07
4.444312e+01	3.041651e+07
4.462620e+01	2.566745e+07
4.462620e+01	2.566745e+07
4.463212e+01	2.565211e+07
4.463212e+01	2.565211e+07
4.897222e+01	2.374643e+07
4.897222e+01	2.374643e+07
4.897912e+01	2.365648e+07
4.897912e+01	2.365648e+07
4.929909e+01	2.599711e+07
4.929909e+01	2.599711e+07
4.930481e+01	2.667094e+07
4.930481e+01	2.667094e+07
5.395182e+01	2.694043e+07
5.395182e+01	2.694043e+07
5.396106e+01	2.677852e+07
5.396106e+01	2.677852e+07
5.426422e+01	2.341389e+07
5.426422e+01	2.341389e+07
5.427601e+01	2.523961e+07
5.427601e+01	2.523961e+07
5.507248e+01	2.355727e+07
5.507248e+01	2.355727e+07
5.510738e+01	2.274025e+07
5.510738e+01	2.274025e+07
5.545678e+01	2.633571e+07
5.545678e+01	2.633571e+07
5.548952e+01	2.496630e+07
5.548952e+01	2.496630e+07
5.570907e+01	2.644406e+07
5.570907e+01	2.644406e+07
5.571452e+01	2.717066e+07
5.571452e+01	2.717066e+07
5.663841e+01	4.054277e+07
5.663841e+01	4.054278e+07
5.663889e+01	4.061944e+07
5.663889e+01	4.061944e+07
5.829114e+01	3.444068e+07
5.829114e+01	3.444068e+07
5.829281e+01	3.414179e+07
5.829281e+01	3.414179e+07
6.117467e+01	1.835592e+07
6.117467e+01	1.835592e+07
6.118341e+01	1.754530e+07
6.118341e+01	1.754531e+07
6.118478e+01	1.766967e+07
6.118478e+01	1.766967e+07
6.119664e+01	2.107285e+07
6.119664e+01	2.107285e+07
6.156193e+01	1.851814e+07
6.156193e+01	1.851814e+07
6.158004e+01	1.761216e+07
6.158004e+01	1.761216e+07
9.096400e+01	1.346008e+07
9.096400e+01	1.346008e+07
9.096400e+01	1.345922e+07
9.096400e+01	1.345922e+07
9.107443e+01	5.239872e+06
9.107443e+01	5.239872e+06
9.107443e+01	5.239062e+06
9.107443e+01	5.239062e+06
9.119350e+01	2.954230e+06
9.119350e+01	2.954230e+06
9.119352e+01	2.953457e+06
9.119352e+01	2.953457e+06
9.132121e+01	1.088581e+07
9.132121e+01	1.088581e+07
9.132123e+01	1.087574e+07
9.132123e+01	1.087574e+07
1.161550e+02	1.147538e+06
1.161550e+02	1.147538e+06
1.161550e+02	1.147543e+06
1.161550e+02	1.147543e+06
8.674563e-01	7.707159e+06
1.478376e+00	9.652010e+06
1.520813e+00	9.871263e+06
1.954041e+00	1.348128e+07
2.565455e+00	1.463291e+07
3.209002e+00	2.180750e+07
3.253830e+00	2.039358e+07
3.476523e+00	2.134983e+07
3.772697e+00	2.308656e+07
4.307910e+00	2.662627e+07
4.445454e+00	3.071125e+07
4.658274e+00	2.788569e+07
4.964729e+00	3.209115e+07
5.218475e+00	3.076469e+07
5.515048e+00	3.677585e+07
6.034360e+00	4.267331e+07
6.787971e+00	4.042532e+07
6.907472e+00	4.449377e+07
7.225213e+00	4.280334e+07
7.236675e+00	4.266731e+07
7.905674e+00	4.454574e+07
8.357775e+00	4.235621e+07
8.607730e+00	4.767924e+07
8.707110e+00	4.735577e+07
8.740417e+00	5.329276e+07
8.782976e+00	4.837929e+07
9.313359e+00	5.068988e+07
9.449937e+00	4.833770e+07
9.650412e+00	5.928415e+07
9.818329e+00	5.443018e+07
9.834601e+00	5.200830e+07
1.049938e+01	4.881554e+07
1.060080e+01	5.624833e+07
1.065812e+01	5.012615e+07
1.068224e+01	4.207510e+07
1.070125e+01	4.143606e+07
1.079130e+01	4.225155e+07
1.112912e+01	5.688579e+07
1.116758e+01	5.591698e+07
1.186492e+01	5.722995e+07
1.282705e+01	5.775500e+07
1.286353e+01	6.076246e+07
1.295408e+01	5.996016e+07
1.329829e+01	5.967550e+07
1.340443e+01	5.704374e+07
1.378211e+01	5.984665e+07
1.408677e+01	5.359523e+07
1.425692e+01	5.917586e+07
1.441302e+01	5.270710e+07
1.508191e+01	5.413760e+07
1.509583e+01	5.325102e+07
1.556467e+01	5.571928e+07
1.559229e+01	5.994837e+07
1.621519e+01	6.029958e+07
1.634475e+01	5.929580e+07
1.694122e+01	5.808772e+07
1.707953e+01	1.053895e+08
1.723580e+01	6.658578e+07
1.745785e+01	5.792491e+07
1.773591e+01	6.190105e+07
1.789412e+01	6.029668e+07
1.821015e+01	6.423871e+07
1.873720e+01	6.511885e+07
1.891687e+01	7.370338e+07
1.938373e+01	7.119046e+07
1.962191e+01	6.501585e+07
1.985820e+01	6.417383e+07
2.006935e+01	6.509613e+07
2.020230e+01	7.572405e+07
2.036207e+01	7.735475e+07
2.148762e+01	7.817603e+07
2.158014e+01	8.087393e+07
2.181216e+01	7.629590e+07
2.182255e+01	7.197725e+07
2.215371e+01	6.240916e+07
2.220230e+01	5.956300e+07
2.248673e+01	6.962336e+07
2.274465e+01	7.243686e+07
2.275174e+01	7.039848e+07
2.302855e+01	5.941890e+07
2.303834e+01	5.426708e+07
2.304500e+01	5.448767e+07
2.304751e+01	5.481822e+07
2.335172e+01	6.986236e+07
2.349767e+01	6.840329e+07
2.355467e+01	6.243384e+07
2.361926e+01	7.922853e+07
2.384799e+01	6.786673e+07
2.389551e+01	7.187081e+07
2.441824e+01	8.862027e+07
2.455725e+01	8.535841e+07
2.461133e+01	8.887890e+07
2.578839e+01	8.003379e+07
2.612895e+01	7.840762e+07
2.650339e+01	7.794944e+07
2.669630e+01	8.037216e+07
2.679951e+01	6.762648e+07
2.714075e+01	7.347743e+07
2.716351e+01	8.306413e+07
2.724514e+01	7.803761e+07
2.748537e+01	6.293281e+07
2.762454e+01	7.144460e+07
2.787006e+01	6.442728e+07
2.787110e+01	6.422411e+07
2.799919e+01	7.034194e+07
2.800763e+01	6.260974e+07
2.828930e+01	7.254296e+07
2.885113e+01	8.260234e+07
2.894376e+01	7.988034e+07
2.933924e+01	1.037417e+08
2.934472e+01	7.307750e+07
2.969127e+01	6.965340e+07
2.970653e+01	7.471416e+07
2.975885e+01	8.343803e+07
2.977494e+01	7.498131e+07
2.981697e+01	7.043344e+07
3.042466e+01	6.333890e+07
3.059802e+01	8.181813e+07
3.077406e+01	8.065930e+07
3.095490e+01	8.175810e+07
3.111821e+01	8.497272e+07
3.129102e+01	9.462427e+07
3.209323e+01	8.123950e+07
3.233065e+01	8.840162e+07
3.462013e+01	6.333801e+07
3.469845e+01	6.195530e+07
3.470583e+01	5.911209e+07
3.473203e+01	5.703247e+07
3.512881e+01	5.087224e+07
3.515322e+01	5.191959e+07
3.518362e+01	6.112472e+07
3.518600e+01	4.963099e+07
3.524657e+01	6.473815e+07
3.550552e+01	6.015798e+07
3.550710e+01	6.242720e+07
3.563602e+01	5.875232e+07
3.567556e+01	5.050128e+07
3.568957e+01	5.272290e+07
3.582805e+01	6.379531e+07
3.585066e+01	6.049156e+07
3.684412e+01	6.381330e+07
3.706939e+01	8.062000e+07
3.707913e+01	8.256670e+07
3.719157e+01	7.173867e+07
3.929603e+01	5.463595e+07
3.930140e+01	5.229092e+07
3.931252e+01	5.168109e+07
3.932438e+01	6.156544e+07
4.207582e+01	5.607018e+07
4.208151e+01	5.645437e+07
4.212320e+01	9.943469e+07
4.213947e+01	4.791376e+07
4.447005e+01	4.832336e+07
4.447393e+01	5.016571e+07
4.447777e+01	5.487522e+07
4.449353e+01	5.037282e+07
4.450999e+01	4.983247e+07
4.452832e+01	4.866265e+07
4.473711e+01	6.288678e+07
4.473901e+01	5.934244e+07
4.893145e+01	3.893072e+07
4.893402e+01	4.057188e+07
4.895335e+01	3.776900e+07
4.896508e+01	4.535735e+07
4.922551e+01	4.082399e+07
4.922765e+01	4.115111e+07
4.924317e+01	4.291229e+07
4.925277e+01	3.789409e+07
5.396315e+01	6.670455e+07
5.396358e+01	7.127587e+07
5.397821e+01	5.020465e+07
5.399637e+01	5.380216e+07
5.427121e+01	4.086424e+07
5.427122e+01	4.086857e+07
5.429005e+01	4.709775e+07
5.431367e+01	5.140429e+07
5.505166e+01	4.563756e+07
5.509577e+01	5.099549e+07
5.510254e+01	5.128904e+07
5.511478e+01	5.478763e+07
5.543845e+01	5.544750e+07
5.547714e+01	5.859922e+07
5.548383e+01	6.618617e+07
5.549732e+01	7.242612e+07
5.568214e+01	5.216223e+07
5.568523e+01	4.460538e+07
5.569818e+01	5.209675e+07
5.570618e+01	4.715207e+07
5.658491e+01	4.563840e+07
5.658519e+01	4.566414e+07
5.658652e+01	4.421148e+07
5.658725e+01	4.346395e+07
5.830730e+01	4.863733e+07
5.830809e+01	4.841148e+07
5.831363e+01	4.544343e+07
5.831618e+01	4.342052e+07
6.114150e+01	3.181413e+07
6.115346e+01	3.059265e+07
6.120690e+01	4.123684e+07
6.121252e+01	3.581336e+07
6.121286e+01	3.427532e+07
6.121457e+01	3.329790e+07
6.121526e+01	3.340772e+07
6.123759e+01	3.736090e+07
6.153248e+01	2.816307e+07
6.154280e+01	2.755808e+07
6.158906e+01	3.734284e+07
6.161537e+01	3.080934e+07
9.099544e+01	1.666306e+07
9.099544e+01	1.666313e+07
9.099545e+01	1.666341e+07
9.099545e+01	1.666374e+07
9.100674e+01	1.733075e+07
9.100674e+01	1.732947e+07
9.100674e+01	1.732818e+07
9.100674e+01	1.732804e+07
9.127136e+01	3.081204e+07
9.127138e+01	3.044018e+07
9.127139e+01	3.022670e+07
9.127141e+01	2.985067e+07
9.127957e+01	2.073356e+07
9.127958e+01	2.070863e+07
9.127959e+01	2.068283e+07
9.127960e+01	2.066082e+07
1.161426e+02	3.361870e+06
1.161426e+02	3.361828e+06
1.161675e+02	2.916373e+06
1.161675e+02	2.916370e+06
1.314161e+00	6.133743e+06
1.314161e+00	6.133743e+06
1.453008e+00	3.641702e+06
1.453008e+00	3.641702e+06
2.121980e+00	5.780473e+06
2.121980e+00	5.780473e+06
3.320088e+00	8.931039e+06
3.320088e+00	8.931039e+06
3.594465e+00	9.992786e+06
3.594465e+00	9.992786e+06
3.991494e+00	1.314105e+07
3.991494e+00	1.314105e+07
5.149151e+00	1.459625e+07
5.149151e+00	1.459625e+07
5.653330e+00	1.539210e+07
5.653330e+00	1.539210e+07
5.774789e+00	1.502309e+07
5.774789e+00	1.502309e+07
7.212400e+00	2.238549e+07
7.212400e+00	2.238549e+07
8.510407e+00	2.853739e+07
8.510407e+00	2.853738e+07
8.770080e+00	2.198095e+07
8.770080e+00	2.198095e+07
9.186873e+00	2.718910e+07
9.186873e+00	2.718909e+07
9.787381e+00	2.512444e+07
9.787381e+00	2.512444e+07
9.963646e+00	1.858401e+07
9.963646e+00	1.858401e+07
1.020745e+01	2.158786e+07
1.020745e+01	2.158786e+07
1.027682e+01	2.889244e+07
1.027682e+01	2.889244e+07
1.038657e+01	1.864317e+07
1.038657e+01	1.864316e+07
1.111577e+01	3.146207e+07
1.111577e+01	3.146206e+07
1.195125e+01	3.402059e+07
1.195125e+01	3.402059e+07
1.265388e+01	3.087509e+07
1.265388e+01	3.087509e+07
1.358752e+01	3.338516e+07
1.358752e+01	3.338516e+07
1.382117e+01	2.828894e+07
1.382117e+01	2.828894e+07
1.461930e+01	3.015772e+07
1.461930e+01	3.015772e+07
1.497622e+01	2.998994e+07
1.497622e+01	2.998994e+07
1.522964e+01	2.528984e+07
1.522964e+01	2.528984e+07
1.542173e+01	3.077389e+07
1.542173e+01	3.077389e+07
1.680068e+01	3.169119e+07
1.680068e+01	3.169119e+07
1.722895e+01	2.742995e+07
1.722895e+01	2.742995e+07
1.786410e+01	2.676521e+07
1.786410e+01	2.676521e+07
1.826272e+01	4.045015e+07
1.826272e+01	4.045014e+07
1.873832e+01	3.598531e+07
1.873832e+01	3.598531e+07
1.892993e+01	3.265608e+07
1.892993e+01	3.265608e+07
1.946108e+01	3.155628e+07
1.946108e+01	3.155628e+07
2.076851e+01	3.653727e+07
2.076851e+01	3.653727e+07
2.106322e+01	3.768731e+07
2.106322e+01	3.768731e+07
2.155753e+01	3.578260e+07
2.155753e+01	3.578260e+07
2.198537e+01	3.202692e+07
2.198537e+01	3.202692e+07
2.210785e+01	3.017890e+07
2.210785e+01	3.017890e+07
2.306612e+01	2.997262e+07
2.306612e+01	2.997262e+07
2.307207e+01	2.961648e+07
2.307207e+01	2.961648e+07
2.308436e+01	3.174093e+07
2.308436e+01	3.174093e+07
2.327038e+01	3.369628e+07
2.327038e+01	3.369628e+07
2.370513e+01	3.204182e+07
2.370513e+01	3.204182e+07
2.389958e+01	3.208661e+07
2.389958e+01	3.208661e+07
2.573615e+01	4.374179e+07
2.573615e+01	4.374178e+07
2.613730e+01	4.207986e+07
2.613730e+01	4.207986e+07
2.625563e+01	4.315763e+07
2.625563e+01	4.315763e+07
2.675968e+01	3.695462e+07
2.675968e+01	3.695462e+07
2.740973e+01	3.770255e+07
2.740973e+01	3.770255e+07
2.757179e+01	4.117858e+07
2.757179e+01	4.117858e+07
2.771183e+01	5.327317e+07
2.771183e+01	5.327317e+07
2.827412e+01	3.493162e+07
2.827412e+01	3.493162e+07
2.871909e+01	3.117503e+07
2.871909e+01	3.117503e+07
2.917532e+01	3.411076e+07
2.917532e+01	3.411076e+07
2.951541e+01	3.299600e+07
2.951541e+01	3.299600e+07
2.975949e+01	3.117540e+07
2.975949e+01	3.117540e+07
2.981494e+01	3.373192e+07
2.981494e+01	3.373192e+07
3.037676e+01	3.112502e+07
3.037676e+01	3.112502e+07
3.051020e+01	3.333746e+07
3.051020e+01	3.333746e+07
3.136804e+01	4.608118e+07
3.136804e+01	4.608118e+07
3.246220e+01	3.966250e+07
3.246220e+01	3.966250e+07
3.465050e+01	3.784209e+07
3.465050e+01	3.784209e+07
3.470535e+01	2.953858e+07
3.470535e+01	2.953858e+07
3.523831e+01	2.544633e+07
3.523831e+01	2.544633e+07
3.525903e+01	2.802630e+07
3.525903e+01	2.802630e+07
3.535553e+01	2.822985e+07
3.535553e+01	2.822985e+07
3.556238e+01	3.178072e+07
3.556238e+01	3.178072e+07
3.577948e+01	2.478631e+07
3.577948e+01	2.478631e+07
3.578518e+01	2.645759e+07
3.578518e+01	2.645758e+07
3.697294e+01	3.843288e+07
3.697294e+01	3.843288e+07
3.714249e+01	3.886829e+07
3.714249e+01	3.886829e+07
3.929352e+01	2.979736e+07
3.929352e+01	2.979736e+07
3.930154e+01	2.895141e+07
3.930154e+01	2.895141e+07
4.210352e+01	3.537368e+07
4.210352e+01	3.537368e+07
4.211276e+01	3.475191e+07
4.211276e+01	3.475191e+07
4.446003e+01	3.454505e+07
4.446003e+01	3.454504e+07
4.452592e+01	2.710433e+07
4.452592e+01	2.710433e+07
4.452884e+01	2.640599e+07
4.452884e+01	2.640599e+07
4.478183e+01	2.341195e+07
4.478183e+01	2.341195e+07
4.891122e+01	2.261574e+07
4.891122e+01	2.261574e+07
4.891785e+01	2.226939e+07
4.891785e+01	2.226939e+07
4.917018e+01	2.139387e+07
4.917018e+01	2.139387e+07
4.917697e+01	2.142027e+07
4.917697e+01	2.142027e+07
5.398894e+01	3.075450e+07
5.398894e+01	3.075450e+07
5.399660e+01	2.632942e+07
5.399660e+01	2.632942e+07
5.429801e+01	2.368871e+07
5.429801e+01	2.368871e+07
5.431148e+01	2.449915e+07
5.431148e+01	2.449915e+07
5.507298e+01	2.190011e+07
5.507298e+01	2.190011e+07
5.510983e+01	2.135958e+07
5.510983e+01	2.135958e+07
5.546106e+01	2.122524e+07
5.546106e+01	2.122524e+07
5.549193e+01	2.551200e+07
5.549193e+01	2.551200e+07
5.567124e+01	2.225495e+07
5.567124e+01	2.225495e+07
5.567685e+01	2.290383e+07
5.567685e+01	2.290383e+07
5.653290e+01	3.146338e+07
5.653290e+01	3.146338e+07
5.653343e+01	3.153310e+07
5.653343e+01	3.153310e+07
5.832955e+01	3.171609e+07
5.832955e+01	3.171609e+07
5.833121e+01	3.146915e+07
5.833121e+01	3.146915e+07
6.116891e+01	1.480773e+07
6.116891e+01	1.480773e+07
6.118737e+01	2.370875e+07
6.118737e+01	2.370875e+07
6.124255e+01	2.392896e+07
6.124255e+01	2.392896e+07
6.124297e+01	2.506701e+07
6.124297e+01	2.506701e+07
6.156429e+01	1.588251e+07
6.156429e+01	1.588251e+07
6.158583e+01	1.498275e+07
6.158583e+01	1.498275e+07
9.094704e+01	1.227443e+07
9.094704e+01	1.227443e+07
9.094704e+01	1.227466e+07
9.094704e+01	1.227466e+07
9.107075e+01	9.569427e+06
9.107075e+01	9.569427e+06
9.107075e+01	9.569420e+06
9.107075e+01	9.569420e+06
9.121666e+01	7.439170e+06
9.121666e+01	7.439171e+06
9.121668e+01	7.512410e+06
9.121668e+01	7.512411e+06
9.131867e+01	1.019502e+07
9.131867e+01	1.019502e+07
9.131869e+01	1.017458e+07
9.131869e+01	1.017458e+07
1.161375e+02	8.966343e+05
1.161375e+02	8.966343e+05
1.161726e+02	2.693425e+06
1.161726e+02	2.693425e+06
1.701838e+00	8.701018e+06
1.701838e+00	8.701018e+06
2.185653e+00	1.666134e+07
2.185653e+00	1.666134e+07
3.037545e+00	2.038865e+07
3.037545e+00	2.038865e+07
3.211320e+00	2.025001e+07
3.211320e+00	2.025001e+07
3.798059e+00	2.570888e+07
3.798059e+00	2.570888e+07
4.057472e+00	2.401633e+07
4.057472e+00	2.401633e+07
5.709261e+00	3.161680e+07
5.709261e+00	3.161680e+07
5.845895e+00	3.528229e+07
5.845895e+00	3.528229e+07
6.451519e+00	3.706925e+07
6.451519e+00	3.706925e+07
7.282631e+00	4.818293e+07
7.282631e+00	4.818293e+07
7.704470e+00	4.945430e+07
7.704470e+00	4.945430e+07
8.258993e+00	4.758019e+07
8.258993e+00	4.758019e+07
9.260414e+00	4.379303e+07
9.260414e+00	4.379303e+07
9.663737e+00	4.894089e+07
9.663737e+00	4.894089e+07
1.003126e+01	4.894948e+07
1.003126e+01	4.894948e+07
1.011687e+01	4.384860e+07
1.011687e+01	4.384860e+07
1.035416e+01	5.259686e+07
1.035416e+01	5.259686e+07
1.068138e+01	5.159904e+07
1.068138e+01	5.159904e+07
1.107795e+01	5.502878e+07
1.107795e+01	5.502877e+07
1.183563e+01	6.032324e+07
1.183563e+01	6.032324e+07
1.225683e+01	5.224087e+07
1.225683e+01	5.224087e+07
1.315725e+01	5.888318e+07
1.315725e+01	5.888318e+07
1.347234e+01	5.570458e+07
1.347234e+01	5.570458e+07
1.448989e+01	6.538608e+07
1.448989e+01	6.538608e+07
1.497147e+01	5.276409e+07
1.497147e+01	5.276409e+07
1.524497e+01	5.740074e+07
1.524497e+01	5.740074e+07
1.598481e+01	5.538334e+07
1.598481e+01	5.538334e+07
1.612484e+01	6.564546e+07
1.612484e+01	6.564546e+07
1.708140e+01	6.000868e+07
1.708140e+01	6.000868e+07
1.786618e+01	6.111290e+07
1.786618e+01	6.111290e+07
1.821193e+01	5.719609e+07
1.821193e+01	5.719609e+07
1.892707e+01	6.535770e+07
1.892707e+01	6.535770e+07
1.918756e+01	6.729687e+07
1.918756e+01	6.729687e+07
1.995586e+01	6.864743e+07
1.995586e+01	6.864743e+07
2.071603e+01	7.255076e+07
2.071603e+01	7.255076e+07
2.130769e+01	7.363853e+07
2.130769e+01	7.363853e+07
2.167216e+01	6.571829e+07
2.167216e+01	6.571829e+07
2.197971e+01	6.609568e+07
2.197971e+01	6.609568e+07
2.292256e+01	6.475705e+07
2.292256e+01	6.475705e+07
2.301505e+01	6.223141e+07
2.301505e+01	6.223141e+07
2.303466e+01	5.849759e+07
2.303466e+01	5.849759e+07
2.319270e+01	6.821747e+07
2.319270e+01	6.821747e+07
2.342894e+01	6.643296e+07
2.342894e+01	6.643296e+07
2.368721e+01	8.068621e+07
2.368721e+01	8.068621e+07
2.395067e+01	6.870828e+07
2.395067e+01	6.870828e+07
2.500325e+01	8.740414e+07
2.500325e+01	8.740414e+07
2.560926e+01	9.959884e+07
2.560926e+01	9.959884e+07
2.684944e+01	8.668614e+07
2.684944e+01	8.668614e+07
2.690996e+01	7.972469e+07
2.690996e+01	7.972469e+07
2.732379e+01	8.480071e+07
2.732379e+01	8.480071e+07
2.739720e+01	8.040859e+07
2.739720e+01	8.040859e+07
2.761784e+01	7.638526e+07
2.761784e+01	7.638526e+07
2.820617e+01	9.587909e+07
2.820617e+01	9.587909e+07
2.862437e+01	7.606542e+07
2.862437e+01	7.606542e+07
2.912424e+01	6.957021e+07
2.912424e+01	6.957021e+07
2.950094e+01	6.368564e+07
2.950094e+01	6.368564e+07
2.975288e+01	8.154214e+07
2.975288e+01	8.154215e+07
2.980576e+01	7.912960e+07
2.980576e+01	7.912961e+07
3.050321e+01	5.920989e+07
3.050321e+01	5.920989e+07
3.085916e+01	7.898715e+07
3.085916e+01	7.898715e+07
3.121220e+01	8.497462e+07
3.121220e+01	8.497462e+07
3.221570e+01	8.212057e+07
3.221570e+01	8.212057e+07
3.465308e+01	6.483229e+07
3.465308e+01	6.483228e+07
3.471828e+01	5.340173e+07
3.471828e+01	5.340173e+07
3.516721e+01	5.200047e+07
3.516721e+01	5.200047e+07
3.516727e+01	5.188671e+07
3.516727e+01	5.188671e+07
3.535724e+01	5.514821e+07
3.535724e+01	5.514821e+07
3.556193e+01	5.131062e+07
3.556193e+01	5.131062e+07
3.576261e+01	6.992238e+07
3.576261e+01	6.992238e+07
3.577891e+01	6.455124e+07
3.577891e+01	6.455124e+07
3.696449e+01	1.016004e+08
3.696449e+01	1.016004e+08
3.713671e+01	6.700363e+07
3.713671e+01	6.700363e+07
3.930420e+01	7.991652e+07
3.930420e+01	7.991651e+07
3.931277e+01	5.682449e+07
3.931277e+01	5.682449e+07
4.209961e+01	5.637834e+07
4.209961e+01	5.637834e+07
4.211059e+01	5.462489e+07
4.211059e+01	5.462489e+07
4.447161e+01	5.225853e+07
4.447161e+01	5.225853e+07
4.448572e+01	5.382134e+07
4.448572e+01	5.382134e+07
4.451955e+01	4.819712e+07
4.451955e+01	4.819712e+07
4.473808e+01	4.689406e+07
4.473808e+01	4.689406e+07
4.894206e+01	3.634619e+07
4.894206e+01	3.634619e+07
4.894887e+01	3.744020e+07
4.894887e+01	3.744020e+07
4.923468e+01	5.074320e+07
4.923468e+01	5.074313e+07
4.924089e+01	4.484556e+07
4.924089e+01	4.484556e+07
5.397046e+01	8.681925e+07
5.397046e+01	8.681925e+07
5.397892e+01	5.266832e+07
5.397892e+01	5.266832e+07
5.428084e+01	6.408493e+07
5.428084e+01	6.408494e+07
5.429346e+01	4.861479e+07
5.429346e+01	4.861479e+07
5.507268e+01	5.920391e+07
5.507268e+01	5.920391e+07
5.510857e+01	5.461029e+07
5.510857e+01	5.461029e+07
5.545886e+01	6.671291e+07
5.545886e+01	6.671291e+07
5.549066e+01	5.319088e+07
5.549066e+01	5.319088e+07
5.569016e+01	4.249184e+07
5.569016e+01	4.249184e+07
5.569569e+01	4.446335e+07
5.569569e+01	4.446335e+07
5.658572e+01	4.878560e+07
5.658572e+01	4.878561e+07
5.658623e+01	5.058280e+07
5.658623e+01	5.058280e+07
5.831047e+01	4.952280e+07
5.831047e+01	4.952280e+07
5.831214e+01	5.050208e+07
5.831214e+01	5.050208e+07
6.117189e+01	3.373595e+07
6.117189e+01	3.373595e+07
6.119145e+01	3.750181e+07
6.119145e+01	3.750181e+07
6.121375e+01	3.960701e+07
6.121375e+01	3.960701e+07
6.121403e+01	3.954259e+07
6.121403e+01	3.954259e+07
6.156312e+01	2.939980e+07
6.156312e+01	2.939980e+07
6.158297e+01	3.110944e+07
6.158297e+01	3.110944e+07
9.099544e+01	2.281746e+07
9.099544e+01	2.281746e+07
9.099545e+01	2.281968e+07
9.099545e+01	2.281968e+07
9.100674e+01	2.349620e+07
9.100674e+01	2.349621e+07
9.100674e+01	2.349989e+07
9.100674e+01	2.349989e+07
9.127137e+01	2.316416e+07
9.127137e+01	2.316416e+07
9.127140e+01	2.281566e+07
9.127140e+01	2.281566e+07
9.127957e+01	1.462282e+07
9.127957e+01	1.462282e+07
9.127960e+01	1.461624e+07
9.127960e+01	1.461624e+07
1.161426e+02	3.361765e+06
1.161426e+02	3.361765e+06
1.161675e+02	2.903276e+06
1.161675e+02	2.903276e+06
1.975040e+00	5.011686e+06
1.975040e+00	5.011686e+06
2.387425e+00	5.569559e+06
2.387425e+00	5.569559e+06
2.914777e+00	8.907777e+06
2.914777e+00	8.907777e+06
3.588681e+00	8.211193e+06
3.588681e+00	8.211193e+06
3.943081e+00	1.291188e+07
3.943081e+00	1.291188e+07
4.857676e+00	1.828288e+07
4.857676e+00	1.828288e+07
6.127124e+00	2.186134e+07
6.127124e+00	2.186134e+07
6.337102e+00	1.897253e+07
6.337102e+00	1.897253e+07
6.927613e+00	2.091750e+07
6.927613e+00	2.091750e+07
6.985808e+00	1.888792e+07
6.985808e+00	1.888792e+07
7.673035e+00	2.287486e+07
7.673035e+00	2.287486e+07
8.140711e+00	2.791269e+07
8.140711e+00	2.791269e+07
8.433796e+00	2.294245e+07
8.433796e+00	2.294245e+07
9.448419e+00	2.418437e+07
9.448419e+00	2.418437e+07
1.015486e+01	2.047175e+07
1.015486e+01	2.047175e+07
1.027395e+01	2.133548e+07
1.027395e+01	2.133548e+07
1.048592e+01	2.264137e+07
1.048592e+01	2.264137e+07
1.076133e+01	2.356021e+07
1.076133e+01	2.356021e+07
1.117548e+01	2.389862e+07
1.117548e+01	2.389862e+07
1.132493e+01	1.994222e+07
1.132493e+01	1.994222e+07
1.213540e+01	2.773072e+07
1.213540e+01	2.773072e+07
1.309939e+01	2.715727e+07
1.309939e+01	2.715726e+07
1.313647e+01	2.572495e+07
1.313647e+01	2.572495e+07
1.437806e+01	3.108250e+07
1.437806e+01	3.108250e+07
1.450396e+01	3.229995e+07
1.450396e+01	3.229995e+07
1.506338e+01	3.026839e+07
1.506338e+01	3.026839e+07
1.542218e+01	2.918581e+07
1.542218e+01	2.918581e+07
1.680165e+01	3.196843e+07
1.680165e+01	3.196843e+07
1.700425e+01	3.123511e+07
1.700425e+01	3.123511e+07
1.783862e+01	2.674185e+07
1.783862e+01	2.674185e+07
1.820866e+01	3.240929e+07
1.820866e+01	3.240929e+07
1.915908e+01	3.145540e+07
1.915908e+01	3.145540e+07
1.928229e+01	3.251000e+07
1.928229e+01	3.251000e+07
2.050809e+01	3.661537e+07
2.050809e+01	3.661537e+07
2.122199e+01	3.806750e+07
2.122199e+01	3.806750e+07
2.142051e+01	4.414703e+07
2.142051e+01	4.414703e+07
2.173007e+01	3.463132e+07
2.173007e+01	3.463132e+07
2.221775e+01	3.294760e+07
2.221775e+01	3.294760e+07
2.259323e+01	2.720188e+07
2.259323e+01	2.720188e+07
2.280489e+01	3.126976e+07
2.280489e+01	3.126976e+07
2.298863e+01	2.940882e+07
2.298863e+01	2.940882e+07
2.306940e+01	3.129851e+07
2.306940e+01	3.129851e+07
2.365793e+01	4.024100e+07
2.365793e+01	4.024100e+07
2.393745e+01	3.697602e+07
2.393745e+01	3.697602e+07
2.458929e+01	4.055057e+07
2.458929e+01	4.055057e+07
2.469371e+01	4.067694e+07
2.469371e+01	4.067694e+07
2.552933e+01	4.905982e+07
2.552933e+01	4.905982e+07
2.598834e+01	4.451032e+07
2.598834e+01	4.451032e+07
2.717268e+01	3.408698e+07
2.717268e+01	3.408698e+07
2.722181e+01	2.982512e+07
2.722181e+01	2.982512e+07
2.753839e+01	4.181569e+07
2.753839e+01	4.181569e+07
2.766303e+01	3.772400e+07
2.766303e+01	3.772400e+07
2.814066e+01	3.754732e+07
2.814066e+01	3.754732e+07
2.845912e+01	3.309602e+07
2.845912e+01	3.309602e+07
2.908800e+01	3.467223e+07
2.908800e+01	3.467223e+07
2.948833e+01	3.378870e+07
2.948833e+01	3.378870e+07
2.974312e+01	3.302942e+07
2.974312e+01	3.302942e+07
2.979702e+01	3.583361e+07
2.979702e+01	3.583361e+07
3.075677e+01	3.621144e+07
3.075677e+01	3.621144e+07
3.092915e+01	3.522863e+07
3.092915e+01	3.522863e+07
3.148271e+01	3.863324e+07
3.148271e+01	3.863324e+07
3.167450e+01	3.800789e+07
3.167450e+01	3.800789e+07
3.465638e+01	4.000502e+07
3.465638e+01	4.000502e+07
3.473109e+01	3.577942e+07
3.473109e+01	3.577943e+07
3.507257e+01	2.691735e+07
3.507257e+01	2.691735e+07
3.507709e+01	2.678476e+07
3.507709e+01	2.678476e+07
3.537755e+01	2.855045e+07
3.537755e+01	2.855045e+07
3.556402e+01	3.055895e+07
3.556402e+01	3.055895e+07
3.574569e+01	2.555978e+07
3.574569e+01	2.555978e+07
3.577218e+01	2.585032e+07
3.577218e+01	2.585031e+07
3.695594e+01	3.675099e+07
3.695594e+01	3.675099e+07
3.713096e+01	3.532387e+07
3.713096e+01	3.532387e+07
3.931496e+01	2.778786e+07
3.931496e+01	2.778786e+07
3.932408e+01	2.777142e+07
3.932408e+01	2.777142e+07
4.209573e+01	3.107571e+07
4.209573e+01	3.107571e+07
4.210843e+01	2.991529e+07
4.210843e+01	2.991529e+07
4.443284e+01	2.696202e+07
4.443284e+01	2.696202e+07
4.444312e+01	2.679891e+07
4.444312e+01	2.679891e+07
4.462635e+01	2.399205e+07
4.462635e+01	2.399205e+07
4.463197e+01	2.424517e+07
4.463197e+01	2.424517e+07
4.897222e+01	2.273884e+07
4.897222e+01	2.273884e+07
4.897913e+01	2.252641e+07
4.897913e+01	2.252641e+07
4.929908e+01	2.511123e+07
4.929908e+01	2.511123e+07
4.930481e+01	2.504694e+07
4.930481e+01	2.504694e+07
5.395183e+01	2.810578e+07
5.395183e+01	2.810578e+07
5.396107e+01	2.819594e+07
5.396107e+01	2.819594e+07
5.426420e+01	2.445122e+07
5.426420e+01	2.445122e+07
5.427599e+01	2.379332e+07
5.427599e+01	2.379332e+07
5.507248e+01	2.449450e+07
5.507248e+01	2.449450e+07
5.510739e+01	2.319914e+07
5.510739e+01	2.319914e+07
5.545675e+01	2.302713e+07
5.545675e+01	2.302713e+07
5.548951e+01	2.149907e+07
5.548951e+01	2.149907e+07
5.570910e+01	2.487446e+07
5.570910e+01	2.487446e+07
5.571453e+01	2.534848e+07
5.571453e+01	2.534848e+07
5.663841e+01	4.274205e+07
5.663841e+01	4.274205e+07
5.663889e+01	4.252263e+07
5.663889e+01	4.252262e+07
5.829113e+01	3.310130e+07
5.829113e+01	3.310130e+07
5.829281e+01	3.290737e+07
5.829281e+01	3.290737e+07
6.117523e+01	1.644084e+07
6.117523e+01	1.644084e+07
6.118378e+01	1.879559e+07
6.118378e+01	1.879559e+07
6.118422e+01	1.895371e+07
6.118422e+01	1.895371e+07
6.119626e+01	2.173396e+07
6.119626e+01	2.173396e+07
6.156194e+01	1.841222e+07
6.156194e+01	1.841222e+07
6.158005e+01	1.659525e+07
6.158005e+01	1.659525e+07
9.096400e+01	1.143553e+07
9.096400e+01	1.143553e+07
9.096400e+01	1.143485e+07
9.096400e+01	1.143485e+07
9.107443e+01	5.148725e+06
9.107443e+01	5.148725e+06
9.107443e+01	5.147868e+06
9.107443e+01	5.147868e+06
9.119350e+01	4.259495e+06
9.119350e+01	4.259495e+06
9.119352e+01	4.278634e+06
9.119352e+01	4.278634e+06
9.132121e+01	1.041348e+07
9.132121e+01	1.041348e+07
9.132123e+01	1.041394e+07
9.132123e+01	1.041394e+07
1.161550e+02	1.147535e+06
1.161550e+02	1.147536e+06
1.161550e+02	1.147540e+06
1.161550e+02	1.147540e+06
1.701838e+00	8.701018e+06
1.701838e+00	8.701018e+06
2.185653e+00	1.666134e+07
2.185653e+00	1.666134e+07
3.037545e+00	2.038865e+07
3.037545e+00	2.038865e+07
3.211320e+00	2.025001e+07
3.211320e+00	2.025001e+07
3.798059e+00	2.570888e+07
3.798059e+00	2.570888e+07
4.057472e+00	2.401633e+07
4.057472e+00	2.401633e+07
5.709261e+00	3.161680e+07
5.709261e+00	3.161680e+07
5.845895e+00	3.528229e+07
5.845895e+00	3.528229e+07
6.451519e+00	3.706925e+07
6.451519e+00	3.706925e+07
7.282631e+00	4.818293e+07
7.282631e+00	4.818293e+07
7.704470e+00	4.945430e+07
7.704470e+00	4.945430e+07
8.258993e+00	4.758019e+07
8.258993e+00	4.758019e+07
9.260414e+00	4.379303e+07
9.260414e+00	4.379303e+07
9.663737e+00	4.894089e+07
9.663737e+00	4.894089e+07
1.003126e+01	4.894948e+07
1.003126e+01	4.894948e+07
1.011687e+01	4.384860e+07
1.011687e+01	4.384860e+07
1.035416e+01	5.259686e+07
1.035416e+01	5.259686e+07
1.068138e+01	5.159904e+07
1.068138e+01	5.159904e+07
1.107795e+01	5.502878e+07
1.107795e+01	5.502877e+07
1.183563e+01	6.032324e+07
1.183563e+01	6.032324e+07
1.225683e+01	5.224087e+07
1.225683e+01	5.224087e+07
1.315725e+01	5.888318e+07
1.315725e+01	5.888318e+07
1.347234e+01	5.570458e+07
1.347234e+01	5.570458e+07
1.448989e+01	6.538608e+07
1.448989e+01	6.538608e+07
1.497147e+01	5.276409e+07
1.497147e+01	5.276409e+07
1.524497e+01	5.740074e+07
1.524497e+01	5.740074e+07
1.598481e+01	5.538334e+07
1.598481e+01	5.538334e+07
1.612484e+01	6.564546e+07
1.612484e+01	6.564546e+07
1.708140e+01	6.000868e+07
1.708140e+01	6.000868e+07
1.786618e+01	6.111290e+07
1.786618e+01	6.111290e+07
1.821193e+01	5.719609e+07
1.821193e+01	5.719609e+07
1.892707e+01	6.535770e+07
1.892707e+01	6.535770e+07
1.918756e+01	6.729687e+07
1.918756e+01	6.729687e+07
1.995586e+01	6.864743e+07
1.995586e+01	6.864743e+07
2.071603e+01	7.255076e+07
2.071603e+01	7.255076e+07
2.130769e+01	7.363853e+07
2.130769e+01	7.363853e+07
2.167216e+01	6.571829e+07
2.167216e+01	6.571829e+07
2.197971e+01	6.609568e+07
2.197971e+01	6.609568e+07
2.292256e+01	6.475705e+07
2.292256e+01	6.475705e+07
2.301505e+01	6.223141e+07
2.301505e+01	6.223141e+07
2.303466e+01	5.849759e+07
2.303466e+01	5.849759e+07
2.319270e+01	6.821747e+07
2.319270e+01	6.821747e+07
2.342894e+01	6.643296e+07
2.342894e+01	6.643296e+07
2.368721e+01	8.068621e+07
2.368721e+01	8.068621e+07
2.395067e+01	6.870828e+07
2.395067e+01	6.870828e+07
2.500325e+01	8.740414e+07
2.500325e+01	8.740414e+07
2.560926e+01	9.959884e+07
2.560926e+01	9.959884e+07
2.684944e+01	8.668614e+07
2.684944e+01	8.668614e+07
2.690996e+01	7.972469e+07
2.690996e+01	7.972469e+07
2.732379e+01	8.480071e+07
2.732379e+01	8.480071e+07
2.739720e+01	8.040859e+07
2.739720e+01	8.040859e+07
2.761784e+01	7.638526e+07
2.761784e+01	7.638526e+07
2.820617e+01	9.587909e+07
2.820617e+01	9.587909e+07
2.862437e+01	7.606542e+07
2.862437e+01	7.606542e+07
2.912424e+01	6.957021e+07
2.912424e+01	6.957021e+07
2.950094e+01	6.368564e+07
2.950094e+01	6.368564e+07
2.975288e+01	8.154214e+07
2.975288e+01	8.154215e+07
2.980576e+01	7.912960e+07
2.980576e+01	7.912961e+07
3.050321e+01	5.920989e+07
3.050321e+01	5.920989e+07
3.085916e+01	7.898715e+07
3.085916e+01	7.898715e+07
3.121220e+01	8.497462e+07
3.121220e+01	8.497462e+07
3.221570e+01	8.212057e+07
3.221570e+01	8.212057e+07
3.465308e+01	6.483229e+07
3.465308e+01	6.483228e+07
3.471828e+01	5.340173e+07
3.471828e+01	5.340173e+07
3.516721e+01	5.200047e+07
3.516721e+01	5.200047e+07
3.516727e+01	5.188671e+07
3.516727e+01	5.188671e+07
3.535724e+01	5.514821e+07
3.535724e+01	5.514821e+07
3.556193e+01	5.131062e+07
3.556193e+01	5.131062e+07
3.576261e+01	6.992238e+07
3.576261e+01	6.992238e+07
3.577891e+01	6.455124e+07
3.577891e+01	6.455124e+07
3.696449e+01	1.016004e+08
3.696449e+01	1.016004e+08
3.713671e+01	6.700363e+07
3.713671e+01	6.700363e+07
3.930420e+01	7.991652e+07
3.930420e+01	7.991651e+07
3.931277e+01	5.682449e+07
3.931277e+01	5.682449e+07
4.209961e+01	5.637834e+07
4.209961e+01	5.637834e+07
4.211059e+01	5.462489e+07
4.211059e+01	5.462489e+07
4.447161e+01	5.225853e+07
4.447161e+01	5.225853e+07
4.448572e+01	5.382134e+07
4.448572e+01	5.382134e+07
4.451955e+01	4.819712e+07
4.451955e+01	4.819712e+07
4.473808e+01	4.689406e+07
4.473808e+01	4.689406e+07
4.894206e+01	3.634619e+07
4.894206e+01	3.634619e+07
4.894887e+01	3.744020e+07
4.894887e+01	3.744020e+07
4.923468e+01	5.074320e+07
4.923468e+01	5.074313e+07
4.924089e+01	4.484556e+07
4.924089e+01	4.484556e+07
5.397046e+01	8.681925e+07
5.397046e+01	8.681925e+07
5.397892e+01	5.266832e+07
5.397892e+01	5.266832e+07
5.428084e+01	6.408493e+07
5.428084e+01	6.408494e+07
5.429346e+01	4.861479e+07
5.429346e+01	4.861479e+07
5.507268e+01	5.920391e+07
5.507268e+01	5.920391e+07
5.510857e+01	5.461029e+07
5.510857e+01	5.461029e+07
5.545886e+01	6.671291e+07
5.545886e+01	6.671291e+07
5.549066e+01	5.319088e+07
5.549066e+01	5.319088e+07
5.569016e+01	4.249184e+07
5.569016e+01	4.249184e+07
5.569569e+01	4.446335e+07
5.569569e+01	4.446335e+07
5.658572e+01	4.878560e+07
5.658572e+01	4.878561e+07
5.658623e+01	5.058280e+07
5.658623e+01	5.058280e+07
5.831047e+01	4.952280e+07
5.831047e+01	4.952280e+07
5.831214e+01	5.050208e+07
5.831214e+01	5.050208e+07
6.117189e+01	3.373595e+07
6.117189e+01	3.373595e+07
6.119145e+01	3.750181e+07
6.119145e+01	3.750181e+07
6.121375e+01	3.960701e+07
6.121375e+01	3.960701e+07
6.121403e+01	3.954259e+07
6.121403e+01	3.954259e+07
6.156312e+01	2.939980e+07
6.156312e+01	2.939980e+07
6.158297e+01	3.110944e+07
6.158297e+01	3.110944e+07
9.099544e+01	2.281746e+07
9.099544e+01	2.281746e+07
9.099545e+01	2.281968e+07
9.099545e+01	2.281968e+07
9.100674e+01	2.349620e+07
9.100674e+01	2.349621e+07
9.100674e+01	2.349989e+07
9.100674e+01	2.349989e+07
9.127137e+01	2.316416e+07
9.127137e+01	2.316416e+07
9.127140e+01	2.281566e+07
9.127140e+01	2.281566e+07
9.127957e+01	1.462282e+07
9.127957e+01	1.462282e+07
9.127960e+01	1.461624e+07
9.127960e+01	1.461624e+07
1.161426e+02	3.361765e+06
1.161426e+02	3.361765e+06
1.161675e+02	2.903276e+06
1.161675e+02	2.903276e+06
1.307474e+00	4.105335e+06
1.307474e+00	4.105335e+06
1.515628e+00	5.983610e+06
1.515628e+00	5.983610e+06
2.476923e+00	7.581591e+06
2.476923e+00	7.581591e+06
2.696635e+00	6.063117e+06
2.696635e+00	6.063117e+06
3.674229e+00	1.048533e+07
3.674229e+00	1.048533e+07
3.887548e+00	1.489182e+07
3.887548e+00	1.489182e+07
5.398658e+00	1.786818e+07
5.398658e+00	1.786818e+07
5.462051e+00	1.761967e+07
5.462051e+00	1.761967e+07
6.107616e+00	1.767265e+07
6.107616e+00	1.767265e+07
7.023420e+00	1.743323e+07
7.023420e+00	1.743323e+07
8.532964e+00	2.165733e+07
8.532964e+00	2.165733e+07
9.014830e+00	3.605630e+07
9.014830e+00	3.605630e+07
9.200695e+00	2.061510e+07
9.200695e+00	2.061510e+07
9.549156e+00	2.442807e+07
9.549156e+00	2.442808e+07
9.568560e+00	2.383168e+07
9.568560e+00	2.383168e+07
1.013499e+01	2.125197e+07
1.013499e+01	2.125197e+07
1.072179e+01	2.555645e+07
1.072179e+01	2.555645e+07
1.092750e+01	2.216115e+07
1.092750e+01	2.216115e+07
1.096587e+01	2.195489e+07
1.096587e+01	2.195489e+07
1.148490e+01	2.637864e+07
1.148490e+01	2.637864e+07
1.262721e+01	2.743723e+07
1.262721e+01	2.743723e+07
1.349302e+01	3.008236e+07
1.349302e+01	3.008236e+07
1.389362e+01	2.558970e+07
1.389362e+01	2.558970e+07
1.452820e+01	2.949867e+07
1.452820e+01	2.949867e+07
1.521359e+01	2.846902e+07
1.521359e+01	2.846902e+07
1.530361e+01	2.596501e+07
1.530361e+01	2.596501e+07
1.550543e+01	3.407557e+07
1.550543e+01	3.407557e+07
1.665195e+01	2.742553e+07
1.665195e+01	2.742553e+07
1.742567e+01	3.117625e+07
1.742567e+01	3.117625e+07
1.754415e+01	3.043928e+07
1.754415e+01	3.043928e+07
1.845946e+01	3.542886e+07
1.845946e+01	3.542886e+07
1.869348e+01	3.335299e+07
1.869348e+01	3.335299e+07
1.886686e+01	3.229878e+07
1.886686e+01	3.229878e+07
1.938568e+01	3.200024e+07
1.938568e+01	3.200024e+07
2.082154e+01	3.128063e+07
2.082154e+01	3.128063e+07
2.112662e+01	3.507794e+07
2.112662e+01	3.507794e+07
2.161649e+01	3.704685e+07
2.161649e+01	3.704685e+07
2.194625e+01	3.322452e+07
2.194625e+01	3.322452e+07
2.212204e+01	3.289474e+07
2.212204e+01	3.289474e+07
2.305451e+01	2.952054e+07
2.305451e+01	2.952054e+07
2.307010e+01	3.055478e+07
2.307010e+01	3.055478e+07
2.308015e+01	3.119196e+07
2.308015e+01	3.119196e+07
2.321417e+01	3.292549e+07
2.321417e+01	3.292549e+07
2.362662e+01	3.188958e+07
2.362662e+01	3.188958e+07
2.398488e+01	3.588920e+07
2.398488e+01	3.588920e+07
2.574497e+01	4.614993e+07
2.574497e+01	4.614993e+07
2.613379e+01	4.510002e+07
2.613379e+01	4.510002e+07
2.627384e+01	3.774702e+07
2.627384e+01	3.774702e+07
2.675426e+01	3.965468e+07
2.675426e+01	3.965468e+07
2.741254e+01	4.616160e+07
2.741254e+01	4.616160e+07
2.756979e+01	3.545210e+07
2.756979e+01	3.545210e+07
2.771109e+01	3.677475e+07
2.771109e+01	3.677475e+07
2.821993e+01	3.702957e+07
2.821993e+01	3.702957e+07
2.873937e+01	3.567001e+07
2.873937e+01	3.567001e+07
2.932566e+01	3.319536e+07
2.932566e+01	3.319536e+07
2.938955e+01	3.561805e+07
2.938955e+01	3.561805e+07
2.977827e+01	3.535562e+07
2.977827e+01	3.535563e+07
2.978922e+01	3.850359e+07
2.978922e+01	3.850359e+07
3.038256e+01	3.613718e+07
3.038256e+01	3.613718e+07
3.051083e+01	3.782078e+07
3.051083e+01	3.782078e+07
3.136865e+01	4.130286e+07
3.136865e+01	4.130286e+07
3.246209e+01	3.728243e+07
3.246209e+01	3.728243e+07
3.466014e+01	3.094965e+07
3.466014e+01	3.094965e+07
3.469622e+01	3.678480e+07
3.469622e+01	3.678480e+07
3.523840e+01	2.584309e+07
3.523840e+01	2.584309e+07
3.525963e+01	3.066426e+07
3.525963e+01	3.066426e+07
3.540153e+01	3.091676e+07
3.540153e+01	3.091676e+07
3.550865e+01	4.072595e+07
3.550865e+01	4.072595e+07
3.577160e+01	2.651575e+07
3.577160e+01	2.651575e+07
3.579014e+01	2.357562e+07
3.579014e+01	2.357562e+07
3.703852e+01	3.862765e+07
3.703852e+01	3.862765e+07
3.708652e+01	4.068383e+07
3.708652e+01	4.068383e+07
3.929519e+01	2.827934e+07
3.929519e+01	2.827934e+07
3.929986e+01	2.813526e+07
3.929986e+01	2.813526e+07
4.210449e+01	3.289704e+07
4.210449e+01	3.289704e+07
4.211179e+01	3.233180e+07
4.211179e+01	3.233180e+07
4.446003e+01	2.793638e+07
4.446003e+01	2.793638e+07
4.452634e+01	2.741240e+07
4.452634e+01	2.741240e+07
4.452842e+01	2.711614e+07
4.452842e+01	2.711614e+07
4.478183e+01	2.459323e+07
4.478183e+01	2.459323e+07
4.891172e+01	2.302239e+07
4.891172e+01	2.302239e+07
4.891733e+01	2.280629e+07
4.891733e+01	2.280629e+07
4.917052e+01	2.148182e+07
4.917052e+01	2.148182e+07
4.917666e+01	2.155270e+07
4.917666e+01	2.155270e+07
5.398708e+01	2.670822e+07
5.398708e+01	2.670822e+07
5.399856e+01	2.631265e+07
5.399856e+01	2.631265e+07
5.429570e+01	2.213930e+07
5.429570e+01	2.213930e+07
5.431377e+01	2.338491e+07
5.431377e+01	2.338491e+07
5.507807e+01	2.135083e+07
5.507807e+01	2.135083e+07
5.510366e+01	2.144839e+07
5.510366e+01	2.144839e+07
5.546982e+01	2.459984e+07
5.546982e+01	2.459984e+07
5.548417e+01	2.576001e+07
5.548417e+01	2.576001e+07
5.567227e+01	2.359979e+07
5.567227e+01	2.359979e+07
5.567581e+01	2.425119e+07
5.567581e+01	2.425119e+07
5.653298e+01	3.121917e+07
5.653298e+01	3.121917e+07
5.653335e+01	3.126603e+07
5.653335e+01	3.126603e+07
5.832976e+01	3.461104e+07
5.832976e+01	3.461104e+07
5.833099e+01	3.439727e+07
5.833099e+01	3.439727e+07
6.117391e+01	1.805601e+07
6.117391e+01	1.805601e+07
6.118208e+01	1.717010e+07
6.118208e+01	1.717010e+07
6.124255e+01	2.526198e+07
6.124255e+01	2.526198e+07
6.124297e+01	2.643622e+07
6.124297e+01	2.643622e+07
6.156710e+01	1.529534e+07
6.156710e+01	1.529534e+07
6.158331e+01	2.504531e+07
6.158331e+01	2.504531e+07
9.094704e+01	1.076741e+07
9.094704e+01	1.076741e+07
9.094705e+01	1.076747e+07
9.094705e+01	1.076747e+07
9.107075e+01	9.441840e+06
9.107075e+01	9.441840e+06
9.107076e+01	9.441682e+06
9.107076e+01	9.441682e+06
9.121666e+01	4.213963e+06
9.121666e+01	4.213963e+06
9.121668e+01	4.220265e+06
9.121668e+01	4.220265e+06
9.131866e+01	1.582894e+07
9.131866e+01	1.582894e+07
9.131869e+01	1.582405e+07
9.131869e+01	1.582405e+07
1.161375e+02	8.966234e+05
1.161375e+02	8.966234e+05
1.161726e+02	2.693550e+06
1.161726e+02	2.693550e+06
1.642366e+00	1.066225e+07
1.642368e+00	1.066223e+07
2.363723e+00	1.735735e+07
2.363723e+00	1.735734e+07
2.937164e+00	2.101061e+07
2.937168e+00	2.101058e+07
3.008875e+00	2.068366e+07
3.008876e+00	2.068367e+07
3.986149e+00	2.506096e+07
3.986149e+00	2.506096e+07
4.474645e+00	2.702542e+07
4.474651e+00	2.702560e+07
4.933913e+00	2.720548e+07
4.933921e+00	2.720804e+07
5.823356e+00	3.775857e+07
5.823357e+00	3.775952e+07
6.807090e+00	3.868173e+07
6.807090e+00	3.868176e+07
7.338518e+00	3.977149e+07
7.338533e+00	3.977645e+07
7.904335e+00	5.610537e+07
7.904368e+00	5.613339e+07
8.469109e+00	5.658243e+07
8.469120e+00	5.657470e+07
9.066254e+00	4.637901e+07
9.066263e+00	4.638725e+07
9.073457e+00	4.751630e+07
9.073477e+00	4.752149e+07
9.755201e+00	5.712572e+07
9.755214e+00	5.712883e+07
1.040446e+01	4.782957e+07
1.040447e+01	4.782913e+07
1.075838e+01	5.219935e+07
1.075838e+01	5.219934e+07
1.079961e+01	5.063747e+07
1.079962e+01	5.064150e+07
1.106602e+01	4.917225e+07
1.106603e+01	4.917423e+07
1.160272e+01	5.600367e+07
1.160272e+01	5.600359e+07
1.224823e+01	6.774520e+07
1.224824e+01	6.774461e+07
1.323644e+01	5.267174e+07
1.323644e+01	5.267175e+07
1.362475e+01	5.393803e+07
1.362476e+01	5.394085e+07
1.421011e+01	5.608357e+07
1.421012e+01	5.608367e+07
1.508326e+01	6.348880e+07
1.508326e+01	6.348871e+07
1.513053e+01	5.468411e+07
1.513053e+01	5.468419e+07
1.626539e+01	5.912895e+07
1.626540e+01	5.913366e+07
1.638427e+01	6.271146e+07
1.638428e+01	6.274109e+07
1.655917e+01	6.146099e+07
1.655917e+01	6.146078e+07
1.783817e+01	6.122626e+07
1.783817e+01	6.122548e+07
1.840670e+01	5.585758e+07
1.840670e+01	5.585803e+07
1.871582e+01	7.384365e+07
1.871582e+01	7.384356e+07
1.939671e+01	8.282596e+07
1.939671e+01	8.282475e+07
1.980839e+01	6.779018e+07
1.980839e+01	6.778965e+07
2.105296e+01	6.587588e+07
2.105296e+01	6.587635e+07
2.110769e+01	7.581233e+07
2.110770e+01	7.581329e+07
2.162313e+01	6.393432e+07
2.162313e+01	6.393487e+07
2.194923e+01	6.501394e+07
2.194923e+01	6.501390e+07
2.301878e+01	5.905625e+07
2.301879e+01	5.905039e+07
2.303993e+01	5.372107e+07
2.303993e+01	5.372123e+07
2.309984e+01	6.750830e+07
2.309984e+01	6.750984e+07
2.316934e+01	6.891136e+07
2.316934e+01	6.891131e+07
2.349628e+01	6.726399e+07
2.349628e+01	6.726451e+07
2.349644e+01	6.730172e+07
2.349644e+01	6.730176e+07
2.379986e+01	6.801772e+07
2.379986e+01	6.801784e+07
2.511916e+01	8.861119e+07
2.511916e+01	8.861310e+07
2.576338e+01	7.989064e+07
2.576340e+01	7.988601e+07
2.661051e+01	7.310920e+07
2.661051e+01	7.311110e+07
2.703917e+01	8.429714e+07
2.703917e+01	8.431012e+07
2.731450e+01	8.006607e+07
2.731450e+01	8.006582e+07
2.741610e+01	8.181821e+07
2.741610e+01	8.181760e+07
2.751607e+01	6.533140e+07
2.751608e+01	6.532785e+07
2.821996e+01	7.334640e+07
2.821997e+01	7.334927e+07
2.865359e+01	6.593240e+07
2.865360e+01	6.592864e+07
2.929725e+01	8.309086e+07
2.929725e+01	8.309038e+07
2.935939e+01	7.888354e+07
2.935940e+01	7.887910e+07
2.977344e+01	7.622480e+07
2.977344e+01	7.622488e+07
2.977635e+01	7.605956e+07
2.977635e+01	7.605712e+07
3.050861e+01	6.145536e+07
3.050861e+01	6.145528e+07
3.084688e+01	7.439678e+07
3.084688e+01	7.439677e+07
3.122217e+01	9.959802e+07
3.122217e+01	9.959808e+07
3.221452e+01	7.378003e+07
3.221452e+01	7.378006e+07
3.467502e+01	6.019242e+07
3.467502e+01	6.019070e+07
3.469840e+01	5.397774e+07
3.469840e+01	5.397315e+07
3.516450e+01	6.583379e+07
3.516450e+01	6.583880e+07
3.516828e+01	8.586150e+07
3.516828e+01	8.586143e+07
3.540746e+01	6.887283e+07
3.540747e+01	6.886560e+07
3.549030e+01	6.273088e+07
3.549030e+01	6.272579e+07
3.576928e+01	6.760922e+07
3.576928e+01	6.761089e+07
3.578472e+01	8.624388e+07
3.578472e+01	8.624631e+07
3.703764e+01	7.307021e+07
3.703764e+01	7.306755e+07
3.707207e+01	6.698552e+07
3.707207e+01	6.698511e+07
3.930684e+01	1.201748e+08
3.930684e+01	1.201751e+08
3.931013e+01	5.251194e+07
3.931013e+01	5.251188e+07
4.210246e+01	5.405751e+07
4.210246e+01	5.405755e+07
4.210776e+01	5.386420e+07
4.210776e+01	5.386416e+07
4.447312e+01	5.523656e+07
4.447312e+01	5.523654e+07
4.448379e+01	5.092225e+07
4.448379e+01	5.092224e+07
4.451996e+01	5.411210e+07
4.451996e+01	5.411209e+07
4.473808e+01	4.773818e+07
4.473808e+01	4.773818e+07
4.894343e+01	4.388497e+07
4.894343e+01	4.388649e+07
4.894746e+01	5.220996e+07
4.894746e+01	5.221012e+07
4.923567e+01	4.554950e+07
4.923567e+01	4.554924e+07
4.923994e+01	5.062232e+07
4.923994e+01	5.062217e+07
5.397068e+01	4.439158e+07
5.397068e+01	4.438674e+07
5.397866e+01	5.989422e+07
5.397866e+01	5.989426e+07
5.428084e+01	1.207884e+08
5.428084e+01	1.207417e+08
5.429354e+01	4.850058e+07
5.429354e+01	4.850080e+07
5.508084e+01	5.978841e+07
5.508084e+01	5.978831e+07
5.509913e+01	4.383594e+07
5.509913e+01	4.383592e+07
5.547026e+01	6.797374e+07
5.547027e+01	6.797630e+07
5.548052e+01	7.085405e+07
5.548052e+01	7.085260e+07
5.569170e+01	4.393618e+07
5.569170e+01	4.393616e+07
5.569414e+01	4.685662e+07
5.569414e+01	4.685733e+07
5.658586e+01	4.506827e+07
5.658586e+01	4.506826e+07
5.658610e+01	4.501495e+07
5.658610e+01	4.501495e+07
5.831086e+01	5.345228e+07
5.831086e+01	5.345181e+07
5.831174e+01	5.077497e+07
5.831174e+01	5.077483e+07
6.117864e+01	3.476473e+07
6.117864e+01	3.476463e+07
6.118436e+01	3.468149e+07
6.118436e+01	3.468160e+07
6.121369e+01	3.109677e+07
6.121369e+01	3.109676e+07
6.121405e+01	3.091961e+07
6.121405e+01	3.091962e+07
6.156751e+01	2.768012e+07
6.156751e+01	2.768016e+07
6.157897e+01	2.446678e+07
6.157897e+01	2.446650e+07
9.099544e+01	2.325583e+07
9.099544e+01	2.325583e+07
9.099545e+01	2.320259e+07
9.099545e+01	2.320259e+07
9.100674e+01	1.882547e+07
9.100674e+01	1.882547e+07
9.100674e+01	1.883963e+07
9.100674e+01	1.883963e+07
9.127137e+01	2.049886e+07
9.127137e+01	2.049886e+07
9.127140e+01	2.037885e+07
9.127140e+01	2.037885e+07
9.127958e+01	1.156616e+07
9.127958e+01	1.156616e+07
9.127959e+01	1.154109e+07
9.127959e+01	1.154109e+07
1.161426e+02	3.361850e+06
1.161426e+02	3.361850e+06
1.161675e+02	2.903254e+06
1.161675e+02	2.903254e+06
2.046684e+00	5.326886e+06
2.046684e+00	5.326886e+06
2.046686e+00	5.326911e+06
2.046686e+00	5.326911e+06
3.127999e+00	7.928935e+06
3.127999e+00	7.928935e+06
3.127999e+00	7.928942e+06
3.127999e+00	7.928942e+06
4.883652e+00	1.788127e+07
4.883652e+00	1.788127e+07
4.883653e+00	1.788134e+07
4.883653e+00	1.788134e+07
6.193992e+00	2.287792e+07
6.193992e+00	2.287792e+07
6.193993e+00	2.287756e+07
6.193993e+00	2.287756e+07
6.495935e+00	1.761435e+07
6.495935e+00	1.761435e+07
6.495943e+00	1.761380e+07
6.495943e+00	1.761380e+07
8.208712e+00	2.414017e+07
8.208712e+00	2.414017e+07
8.208718e+00	2.414034e+07
8.208718e+00	2.414034e+07
8.805572e+00	2.094380e+07
8.805572e+00	2.094380e+07
8.805575e+00	2.094364e+07
8.805575e+00	2.094364e+07
1.009788e+01	2.035818e+07
1.009788e+01	2.035818e+07
1.009789e+01	2.035815e+07
1.009789e+01	2.035815e+07
1.067150e+01	2.248164e+07
1.067150e+01	2.248164e+07
1.067150e+01	2.248021e+07
1.067150e+01	2.248021e+07
1.154340e+01	2.254852e+07
1.154340e+01	2.254852e+07
1.154341e+01	2.254990e+07
1.154341e+01	2.254990e+07
1.234619e+01	3.098576e+07
1.234619e+01	3.098576e+07
1.234619e+01	3.098589e+07
1.234619e+01	3.098589e+07
1.375375e+01	2.588289e+07
1.375375e+01	2.588289e+07
1.375375e+01	2.588287e+07
1.375375e+01	2.588287e+07
1.481872e+01	3.049677e+07
1.481872e+01	3.049677e+07
1.481872e+01	3.049669e+07
1.481872e+01	3.049669e+07
1.615419e+01	2.711425e+07
1.615419e+01	2.711425e+07
1.615419e+01	2.711357e+07
1.615419e+01	2.711357e+07
1.733607e+01	3.188880e+07
1.733607e+01	3.188880e+07
1.733607e+01	3.188443e+07
1.733607e+01	3.188443e+07
1.860787e+01	3.092079e+07
1.860787e+01	3.092079e+07
1.860787e+01	3.091870e+07
1.860787e+01	3.091870e+07
2.016793e+01	3.641446e+07
2.016793e+01	3.641446e+07
2.016793e+01	3.641484e+07
2.016793e+01	3.641484e+07
2.131576e+01	4.080914e+07
2.131576e+01	4.080914e+07
2.131576e+01	4.080921e+07
2.131576e+01	4.080921e+07
2.178410e+01	3.307264e+07
2.178410e+01	3.307264e+07
2.178410e+01	3.307247e+07
2.178410e+01	3.307247e+07
2.300215e+01	2.924079e+07
2.300215e+01	2.924079e+07
2.300215e+01	2.924088e+07
2.300215e+01	2.924088e+07
2.315097e+01	3.529779e+07
2.315097e+01	3.529779e+07
2.315097e+01	3.529765e+07
2.315097e+01	3.529765e+07
2.333981e+01	2.848524e+07
2.333981e+01	2.848524e+07
2.333981e+01	2.848577e+07
2.333981e+01	2.848577e+07
2.482971e+01	4.605763e+07
2.482971e+01	4.605763e+07
2.482971e+01	4.605764e+07
2.482971e+01	4.605764e+07
2.579420e+01	4.084720e+07
2.579420e+01	4.084720e+07
2.579421e+01	4.084726e+07
2.579421e+01	4.084726e+07
2.719586e+01	3.433425e+07
2.719586e+01	3.433425e+07
2.719586e+01	3.433431e+07
2.719586e+01	3.433431e+07
2.744850e+01	3.810657e+07
2.744850e+01	3.810657e+07
2.744851e+01	3.810558e+07
2.744851e+01	3.810558e+07
2.839263e+01	3.297360e+07
2.839263e+01	3.297360e+07
2.839264e+01	3.297323e+07
2.839264e+01	3.297323e+07
2.930744e+01	3.446965e+07
2.930744e+01	3.446965e+07
2.930745e+01	3.446987e+07
2.930745e+01	3.446987e+07
2.976360e+01	3.548740e+07
2.976360e+01	3.548740e+07
2.976360e+01	3.548768e+07
2.976360e+01	3.548768e+07
3.082957e+01	3.982493e+07
3.082957e+01	3.982493e+07
3.082957e+01	3.982491e+07
3.082957e+01	3.982491e+07
3.159105e+01	4.071113e+07
3.159105e+01	4.071113e+07
3.159105e+01	4.071113e+07
3.159105e+01	4.071113e+07
3.469550e+01	3.277105e+07
3.469550e+01	3.277105e+07
3.469550e+01	3.277137e+07
3.469550e+01	3.277137e+07
3.507476e+01	2.375385e+07
3.507476e+01	2.375385e+07
3.507476e+01	2.375388e+07
3.507476e+01	2.375388e+07
3.545046e+01	3.664347e+07
3.545046e+01	3.664347e+07
3.545046e+01	3.664208e+07
3.545046e+01	3.664208e+07
3.577373e+01	2.301186e+07
3.577373e+01	2.301186e+07
3.577373e+01	2.301194e+07
3.577373e+01	2.301194e+07
3.704716e+01	4.110524e+07
3.704716e+01	4.110524e+07
3.704716e+01	4.110531e+07
3.704716e+01	4.110531e+07
3.931952e+01	2.723799e+07
3.931952e+01	2.723799e+07
3.931952e+01	2.723799e+07
3.931952e+01	2.723799e+07
4.210210e+01	2.924877e+07
4.210210e+01	2.924877e+07
4.210210e+01	2.924873e+07
4.210210e+01	2.924873e+07
4.443791e+01	2.871533e+07
4.443791e+01	2.871533e+07
4.443791e+01	2.871531e+07
4.443791e+01	2.871531e+07
4.462923e+01	2.514112e+07
4.462923e+01	2.514112e+07
4.462923e+01	2.514111e+07
4.462923e+01	2.514111e+07
4.897564e+01	2.301550e+07
4.897564e+01	2.301550e+07
4.897564e+01	2.301549e+07
4.897564e+01	2.301549e+07
4.930198e+01	2.451009e+07
4.930198e+01	2.451009e+07
4.930198e+01	2.451010e+07
4.930198e+01	2.451010e+07
5.395636e+01	2.880743e+07
5.395636e+01	2.880743e+07
5.395636e+01	2.880743e+07
5.395636e+01	2.880743e+07
5.427018e+01	2.397295e+07
5.427018e+01	2.397295e+07
5.427018e+01	2.397220e+07
5.427018e+01	2.397220e+07
5.508919e+01	2.339190e+07
5.508919e+01	2.339190e+07
5.508919e+01	2.339190e+07
5.508919e+01	2.339190e+07
5.547389e+01	2.334387e+07
5.547389e+01	2.334387e+07
5.547389e+01	2.334405e+07
5.547389e+01	2.334405e+07
5.571181e+01	2.456749e+07
5.571181e+01	2.456749e+07
5.571181e+01	2.456750e+07
5.571181e+01	2.456750e+07
5.663865e+01	4.024807e+07
5.663865e+01	4.024807e+07
5.663865e+01	4.024808e+07
5.663865e+01	4.024808e+07
5.829197e+01	3.330502e+07
5.829197e+01	3.330502e+07
5.829197e+01	3.330500e+07
5.829197e+01	3.330500e+07
6.118400e+01	1.857285e+07
6.118400e+01	1.857285e+07
6.118400e+01	1.857285e+07
6.118400e+01	1.857285e+07
6.118550e+01	1.866236e+07
6.118550e+01	1.866236e+07
6.118550e+01	1.866243e+07
6.118550e+01	1.866243e+07
6.157124e+01	1.729441e+07
6.157124e+01	1.729441e+07
6.157124e+01	1.729434e+07
6.157124e+01	1.729434e+07
9.096400e+01	1.013411e+07
9.096400e+01	1.013411e+07
9.096400e+01	1.013411e+07
9.096400e+01	1.013411e+07
9.107443e+01	5.518077e+06
9.107443e+01	5.518077e+06
9.107443e+01	5.518077e+06
9.107443e+01	5.518077e+06
9.119351e+01	2.900808e+06
9.119351e+01	2.900808e+06
9.119351e+01	2.900808e+06
9.119351e+01	2.900808e+06
9.132122e+01	9.846770e+06
9.132122e+01	9.846770e+06
9.132122e+01	9.846770e+06
9.132122e+01	9.846770e+06
1.161550e+02	1.147537e+06
1.161550e+02	1.147537e+06
1.161550e+02	1.147537e+06
1.161550e+02	1.147537e+06
1.642366e+00	1.066225e+07
1.642368e+00	1.066223e+07
2.363723e+00	1.735735e+07
2.363723e+00	1.735734e+07
2.937164e+00	2.101061e+07
2.937168e+00	2.101058e+07
3.008875e+00	2.068366e+07
3.008876e+00	2.068367e+07
3.986149e+00	2.506096e+07
3.986149e+00	2.506096e+07
4.474645e+00	2.702542e+07
4.474651e+00	2.702560e+07
4.933913e+00	2.720548e+07
4.933921e+00	2.720804e+07
5.823356e+00	3.775857e+07
5.823357e+00	3.775952e+07
6.807090e+00	3.868173e+07
6.807090e+00	3.868176e+07
7.338518e+00	3.977149e+07
7.338533e+00	3.977645e+07
7.904335e+00	5.610537e+07
7.904368e+00	5.613339e+07
8.469109e+00	5.658243e+07
8.469120e+00	5.657470e+07
9.066254e+00	4.637901e+07
9.066263e+00	4.638725e+07
9.073457e+00	4.751630e+07
9.073477e+00	4.752149e+07
9.755201e+00	5.712572e+07
9.755214e+00	5.712883e+07
1.040446e+01	4.782957e+07
1.040447e+01	4.782913e+07
1.075838e+01	5.219935e+07
1.075838e+01	5.219934e+07
1.079961e+01	5.063747e+07
1.079962e+01	5.064150e+07
1.106602e+01	4.917225e+07
1.106603e+01	4.917423e+07
1.160272e+01	5.600367e+07
1.160272e+01	5.600359e+07
1.224823e+01	6.774520e+07
1.224824e+01	6.774461e+07
1.323644e+01	5.267174e+07
1.323644e+01	5.267175e+07
1.362475e+01	5.393803e+07
1.362476e+01	5.394085e+07
1.421011e+01	5.608357e+07
1.421012e+01	5.608367e+07
1.508326e+01	6.348880e+07
1.508326e+01	6.348871e+07
1.513053e+01	5.468411e+07
1.513053e+01	5.468419e+07
1.626539e+01	5.912895e+07
1.626540e+01	5.913366e+07
1.638427e+01	6.271146e+07
1.638428e+01	6.274109e+07
1.655917e+01	6.146099e+07
1.655917e+01	6.146078e+07
1.783817e+01	6.122626e+07
1.783817e+01	6.122548e+07
1.840670e+01	5.585758e+07
1.840670e+01	5.585803e+07
1.871582e+01	7.384365e+07
1.871582e+01	7.384356e+07
1.939671e+01	8.282596e+07
1.939671e+01	8.282475e+07
1.980839e+01	6.779018e+07
1.980839e+01	6.778965e+07
2.105296e+01	6.587588e+07
2.105296e+01	6.587635e+07
2.110769e+01	7.581233e+07
2.110770e+01	7.581329e+07
2.162313e+01	6.393432e+07
2.162313e+01	6.393487e+07
2.194923e+01	6.501394e+07
2.194923e+01	6.501390e+07
2.301878e+01	5.905625e+07
2.301879e+01	5.905039e+07
2.303993e+01	5.372107e+07
2.303993e+01	5.372123e+07
2.309984e+01	6.750830e+07
2.309984e+01	6.750984e+07
2.316934e+01	6.891136e+07
2.316934e+01	6.891131e+07
2.349628e+01	6.726399e+07
2.349628e+01	6.726451e+07
2.349644e+01	6.730172e+07
2.349644e+01	6.730176e+07
2.379986e+01	6.801772e+07
2.379986e+01	6.801784e+07
2.511916e+01	8.861119e+07
2.511916e+01	8.861310e+07
2.576338e+01	7.989064e+07
2.576340e+01	7.988601e+07
2.661051e+01	7.310920e+07
2.661051e+01	7.311110e+07
2.703917e+01	8.429714e+07
2.703917e+01	8.431012e+07
2.731450e+01	8.006607e+07
2.731450e+01	8.006582e+07
2.741610e+01	8.181821e+07
2.741610e+01	8.181760e+07
2.751607e+01	6.533140e+07
2.751608e+01	6.532785e+07
2.821996e+01	7.334640e+07
2.821997e+01	7.334927e+07
2.865359e+01	6.593240e+07
2.865360e+01	6.592864e+07
2.929725e+01	8.309086e+07
2.929725e+01	8.309038e+07
2.935939e+01	7.888354e+07
2.935940e+01	7.887910e+07
2.977344e+01	7.622480e+07
2.977344e+01	7.622488e+07
2.977635e+01	7.605956e+07
2.977635e+01	7.605712e+07
3.050861e+01	6.145536e+07
3.050861e+01	6.145528e+07
3.084688e+01	7.439678e+07
3.084688e+01	7.439677e+07
3.122217e+01	9.959802e+07
3.122217e+01	9.959808e+07
3.221452e+01	7.378003e+07
3.221452e+01	7.378006e+07
3.467502e+01	6.019242e+07
3.467502e+01	6.019070e+07
3.469840e+01	5.397774e+07
3.469840e+01	5.397315e+07
3.516450e+01	6.583379e+07
3.516450e+01	6.583880e+07
3.516828e+01	8.586150e+07
3.516828e+01	8.586143e+07
3.540746e+01	6.887283e+07
3.540747e+01	6.886560e+07
3.549030e+01	6.273088e+07
3.549030e+01	6.272579e+07
3.576928e+01	6.760922e+07
3.576928e+01	6.761089e+07
3.578472e+01	8.624388e+07
3.578472e+01	8.624631e+07
3.703764e+01	7.307021e+07
3.703764e+01	7.306755e+07
3.707207e+01	6.698552e+07
3.707207e+01	6.698511e+07
3.930684e+01	1.201748e+08
3.930684e+01	1.201751e+08
3.931013e+01	5.251194e+07
3.931013e+01	5.251188e+07
4.210246e+01	5.405751e+07
4.210246e+01	5.405755e+07
4.210776e+01	5.386420e+07
4.210776e+01	5.386416e+07
4.447312e+01	5.523656e+07
4.447312e+01	5.523654e+07
4.448379e+01	5.092225e+07
4.448379e+01	5.092224e+07
4.451996e+01	5.411210e+07
4.451996e+01	5.411209e+07
4.473808e+01	4.773818e+07
4.473808e+01	4.773818e+07
4.894343e+01	4.388497e+07
4.894343e+01	4.388649e+07
4.894746e+01	5.220996e+07
4.894746e+01	5.221012e+07
4.923567e+01	4.554950e+07
4.923567e+01	4.554924e+07
4.923994e+01	5.062232e+07
4.923994e+01	5.062217e+07
5.397068e+01	4.439158e+07
5.397068e+01	4.438674e+07
5.397866e+01	5.989422e+07
5.397866e+01	5.989426e+07
5.428084e+01	1.207884e+08
5.428084e+01	1.207417e+08
5.429354e+01	4.850058e+07
5.429354e+01	4.850080e+07
5.508084e+01	5.978841e+07
5.508084e+01	5.978831e+07
5.509913e+01	4.383594e+07
5.509913e+01	4.383592e+07
5.547026e+01	6.797374e+07
5.547027e+01	6.797630e+07
5.548052e+01	7.085405e+07
5.548052e+01	7.085260e+07
5.569170e+01	4.393618e+07
5.569170e+01	4.393616e+07
5.569414e+01	4.685662e+07
5.569414e+01	4.685733e+07
5.658586e+01	4.506827e+07
5.658586e+01	4.506826e+07
5.658610e+01	4.501495e+07
5.658610e+01	4.501495e+07
5.831086e+01	5.345228e+07
5.831086e+01	5.345181e+07
5.831174e+01	5.077497e+07
5.831174e+01	5.077483e+07
6.117864e+01	3.476473e+07
6.117864e+01	3.476463e+07
6.118436e+01	3.468149e+07
6.118436e+01	3.468160e+07
6.121369e+01	3.109677e+07
6.121369e+01	3.109676e+07
6.121405e+01	3.091961e+07
6.121405e+01	3.091962e+07
6.156751e+01	2.768012e+07
6.156751e+01	2.768016e+07
6.157897e+01	2.446678e+07
6.157897e+01	2.446650e+07
9.099544e+01	2.325583e+07
9.099544e+01	2.325583e+07
9.099545e+01	2.320259e+07
9.099545e+01	2.320259e+07
9.100674e+01	1.882547e+07
9.100674e+01	1.882547e+07
9.100674e+01	1.883963e+07
9.100674e+01	1.883963e+07
9.127137e+01	2.049886e+07
9.127137e+01	2.049886e+07
9.127140e+01	2.037885e+07
9.127140e+01	2.037885e+07
9.127958e+01	1.156616e+07
9.127958e+01	1.156616e+07
9.127959e+01	1.154109e+07
9.127959e+01	1.154109e+07
1.161426e+02	3.361850e+06
1.161426e+02	3.361850e+06
1.161675e+02	2.903254e+06
1.161675e+02	2.903254e+06
5.704198e-01	2.508876e+06
5.704198e-01	2.508876e+06
1.178761e+00	3.201883e+06
1.178761e+00	3.201883e+06
1.563174e+00	4.530519e+06
1.563174e+00	4.530519e+06
2.498912e+00	6.779654e+06
2.498912e+00	6.779654e+06
4.261456e+00	1.067310e+07
4.261456e+00	1.067310e+07
5.099118e+00	1.542042e+07
5.099118e+00	1.542042e+07
5.230866e+00	1.807066e+07
5.230866e+00	1.807066e+07
5.599829e+00	1.639461e+07
5.599829e+00	1.639461e+07
5.683257e+00	1.640198e+07
5.683257e+00	1.640198e+07
7.414467e+00	2.135206e+07
7.414467e+00	2.135206e+07
7.997988e+00	2.172399e+07
7.997988e+00	2.172399e+07
8.615679e+00	2.064257e+07
8.615679e+00	2.064257e+07
8.692638e+00	2.979629e+07
8.692638e+00	2.979629e+07
9.327142e+00	2.421178e+07
9.327142e+00	2.421178e+07
1.017092e+01	3.726499e+07
1.017092e+01	3.726499e+07
1.020751e+01	1.979560e+07
1.020751e+01	1.979560e+07
1.050493e+01	2.175268e+07
1.050493e+01	2.175268e+07
1.117316e+01	2.838398e+07
1.117316e+01	2.838398e+07
1.148767e+01	2.348479e+07
1.148767e+01	2.348479e+07
1.195253e+01	2.830877e+07
1.195253e+01	2.830877e+07
1.266531e+01	3.363628e+07
1.266531e+01	3.363628e+07
1.283433e+01	2.657403e+07
1.283433e+01	2.657403e+07
1.389627e+01	2.844500e+07
1.389627e+01	2.844500e+07
1.405927e+01	3.273921e+07
1.405927e+01	3.273921e+07
1.467256e+01	3.024681e+07
1.467256e+01	3.024681e+07
1.565842e+01	2.269101e+07
1.565842e+01	2.269101e+07
1.638065e+01	3.136825e+07
1.638065e+01	3.136825e+07
1.714896e+01	2.622234e+07
1.714896e+01	2.622234e+07
1.735129e+01	3.681238e+07
1.735129e+01	3.681238e+07
1.761075e+01	2.963298e+07
1.761075e+01	2.963298e+07
1.761121e+01	2.965229e+07
1.761121e+01	2.965229e+07
1.834005e+01	3.117460e+07
1.834005e+01	3.117460e+07
1.920544e+01	3.300157e+07
1.920544e+01	3.300157e+07
1.942182e+01	4.238465e+07
1.942182e+01	4.238465e+07
2.057353e+01	2.993518e+07
2.057353e+01	2.993518e+07
2.129770e+01	4.135042e+07
2.129770e+01	4.135042e+07
2.197747e+01	3.531885e+07
2.197747e+01	3.531885e+07
2.199452e+01	3.640641e+07
2.199452e+01	3.640641e+07
2.200584e+01	3.727730e+07
2.200584e+01	3.727730e+07
2.282338e+01	2.976169e+07
2.282338e+01	2.976169e+07
2.306535e+01	2.515234e+07
2.306535e+01	2.515234e+07
2.306552e+01	2.516606e+07
2.306552e+01	2.516606e+07
2.329000e+01	3.207038e+07
2.329000e+01	3.207038e+07
2.348622e+01	2.843093e+07
2.348622e+01	2.843093e+07
2.484572e+01	4.862547e+07
2.484572e+01	4.862547e+07
2.489327e+01	4.636514e+07
2.489327e+01	4.636514e+07
2.557097e+01	4.029784e+07
2.557097e+01	4.029784e+07
2.702443e+01	3.669332e+07
2.702443e+01	3.669332e+07
2.722185e+01	3.241342e+07
2.722185e+01	3.241342e+07
2.733642e+01	3.360451e+07
2.733642e+01	3.360451e+07
2.737569e+01	3.984548e+07
2.737569e+01	3.984548e+07
2.761094e+01	3.581069e+07
2.761094e+01	3.581069e+07
2.800209e+01	4.487783e+07
2.800209e+01	4.487783e+07
2.895216e+01	3.916909e+07
2.895216e+01	3.916909e+07
2.906099e+01	3.510409e+07
2.906099e+01	3.510409e+07
2.954102e+01	3.177846e+07
2.954102e+01	3.177846e+07
2.973800e+01	3.585202e+07
2.973800e+01	3.585202e+07
2.983776e+01	3.477528e+07
2.983776e+01	3.477528e+07
3.033745e+01	4.176835e+07
3.033745e+01	4.176835e+07
3.055544e+01	3.335642e+07
3.055544e+01	3.335642e+07
3.135495e+01	4.384474e+07
3.135495e+01	4.384474e+07
3.247256e+01	3.765184e+07
3.247256e+01	3.765184e+07
3.463998e+01	3.446947e+07
3.463998e+01	3.446947e+07
3.471551e+01	2.924829e+07
3.471551e+01	2.924829e+07
3.520422e+01	2.385055e+07
3.520422e+01	2.385055e+07
3.528573e+01	3.589673e+07
3.528573e+01	3.589673e+07
3.534891e+01	3.012876e+07
3.534891e+01	3.012876e+07
3.556931e+01	3.142188e+07
3.556931e+01	3.142188e+07
3.565230e+01	2.472860e+07
3.565230e+01	2.472860e+07
3.592677e+01	2.611913e+07
3.592677e+01	2.611913e+07
3.694073e+01	3.863336e+07
3.694073e+01	3.863336e+07
3.716216e+01	3.934408e+07
3.716216e+01	3.934408e+07
3.928361e+01	3.197464e+07
3.928361e+01	3.197464e+07
3.931138e+01	3.374283e+07
3.931138e+01	3.374283e+07
4.207063e+01	3.565275e+07
4.207063e+01	3.565275e+07
4.214542e+01	2.643610e+07
4.214542e+01	2.643610e+07
4.446003e+01	3.039401e+07
4.446003e+01	3.039401e+07
4.451735e+01	2.554185e+07
4.451735e+01	2.554185e+07
4.453720e+01	2.396812e+07
4.453720e+01	2.396812e+07
4.478183e+01	2.693776e+07
4.478183e+01	2.693776e+07
4.889715e+01	2.227849e+07
4.889715e+01	2.227849e+07
4.893402e+01	2.228945e+07
4.893402e+01	2.228945e+07
4.915751e+01	2.227099e+07
4.915751e+01	2.227099e+07
4.918755e+01	2.188501e+07
4.918755e+01	2.188501e+07
5.397726e+01	3.161078e+07
5.397726e+01	3.161078e+07
5.401040e+01	2.848457e+07
5.401040e+01	2.848457e+07
5.428192e+01	2.725376e+07
5.428192e+01	2.725376e+07
5.432548e+01	2.174582e+07
5.432548e+01	2.174582e+07
5.507082e+01	2.094746e+07
5.507082e+01	2.094746e+07
5.511237e+01	2.081685e+07
5.511237e+01	2.081685e+07
5.545872e+01	2.206843e+07
5.545872e+01	2.206843e+07
5.549388e+01	2.529244e+07
5.549388e+01	2.529244e+07
5.566099e+01	2.344389e+07
5.566099e+01	2.344389e+07
5.568716e+01	2.769392e+07
5.568716e+01	2.769392e+07
5.653183e+01	2.976641e+07
5.653183e+01	2.976641e+07
5.653446e+01	3.036694e+07
5.653446e+01	3.036694e+07
5.832536e+01	3.156557e+07
5.832536e+01	3.156557e+07
5.833539e+01	3.358132e+07
5.833539e+01	3.358132e+07
6.113153e+01	1.649041e+07
6.113153e+01	1.649041e+07
6.123638e+01	2.004716e+07
6.123638e+01	2.004716e+07
6.124135e+01	2.010487e+07
6.124135e+01	2.010487e+07
6.124417e+01	2.046400e+07
6.124417e+01	2.046400e+07
6.152323e+01	2.027991e+07
6.152323e+01	2.027991e+07
6.161522e+01	1.784971e+07
6.161522e+01	1.784971e+07
9.094704e+01	1.626654e+07
9.094704e+01	1.626654e+07
9.094705e+01	1.625884e+07
9.094705e+01	1.625884e+07
9.107075e+01	8.741608e+06
9.107075e+01	8.741608e+06
9.107076e+01	8.739048e+06
9.107076e+01	8.739048e+06
9.121667e+01	4.104598e+06
9.121667e+01	4.104598e+06
9.121667e+01	4.104872e+06
9.121667e+01	4.104872e+06
9.131868e+01	1.309350e+07
9.131868e+01	1.309350e+07
9.131868e+01	1.309430e+07
9.131868e+01	1.309430e+07
1.161375e+02	8.966342e+05
1.161375e+02	8.966342e+05
1.161726e+02	2.726856e+06
1.161726e+02	2.726856e+06
1.819160e+00	1.199570e+07
1.819160e+00	1.199570e+07
2.007363e+00	1.483567e+07
2.007363e+00	1.483567e+07
2.396100e+00	1.426540e+07
2.396100e+00	1.426540e+07
3.517825e+00	1.975090e+07
3.517825e+00	1.975090e+07
4.297131e+00	3.055855e+07
4.297131e+00	3.055855e+07
4.541364e+00	2.906791e+07
4.541364e+00	2.906791e+07
4.681956e+00	2.657102e+07
4.681956e+00	2.657102e+07
6.175881e+00	4.004399e+07
6.175881e+00	4.004399e+07
6.773518e+00	3.920751e+07
6.773518e+00	3.920751e+07
7.294989e+00	3.953807e+07
7.294989e+00	3.953807e+07
7.786061e+00	4.975878e+07
7.786061e+00	4.975878e+07
8.197427e+00	4.621752e+07
8.197427e+00	4.621752e+07
8.604036e+00	5.146172e+07
8.604036e+00	5.146172e+07
9.074220e+00	5.253630e+07
9.074220e+00	5.253630e+07
9.996916e+00	4.774054e+07
9.996916e+00	4.774054e+07
1.032262e+01	4.684159e+07
1.032262e+01	4.684159e+07
1.079916e+01	4.996419e+07
1.079916e+01	4.996419e+07
1.121335e+01	5.699454e+07
1.121335e+01	5.699454e+07
1.148753e+01	4.899049e+07
1.148753e+01	4.899049e+07
1.163346e+01	5.723185e+07
1.163346e+01	5.723185e+07
1.249541e+01	6.336458e+07
1.249541e+01	6.336458e+07
1.268678e+01	6.464612e+07
1.268678e+01	6.464612e+07
1.343501e+01	5.176840e+07
1.343501e+01	5.176840e+07
1.384194e+01	6.562862e+07
1.384194e+01	6.562862e+07
1.512414e+01	5.443473e+07
1.512414e+01	5.443473e+07
1.535968e+01	5.053992e+07
1.535968e+01	5.053992e+07
1.587716e+01	5.854062e+07
1.587716e+01	5.854062e+07
1.664022e+01	6.379262e+07
1.664022e+01	6.379262e+07
1.720474e+01	6.265864e+07
1.720474e+01	6.265864e+07
1.764746e+01	6.856491e+07
1.764746e+01	6.856491e+07
1.833984e+01	6.789255e+07
1.833984e+01	6.789255e+07
1.883455e+01	6.103563e+07
1.883455e+01	6.103563e+07
1.888350e+01	5.855328e+07
1.888350e+01	5.855328e+07
2.008374e+01	7.182427e+07
2.008374e+01	7.182427e+07
2.075083e+01	7.162759e+07
2.075083e+01	7.162759e+07
2.112032e+01	7.385796e+07
2.112032e+01	7.385796e+07
2.196009e+01	7.588607e+07
2.196009e+01	7.588607e+07
2.213844e+01	6.138281e+07
2.213844e+01	6.138281e+07
2.274581e+01	6.971565e+07
2.274581e+01	6.971565e+07
2.300898e+01	7.373907e+07
2.300898e+01	7.373907e+07
2.303914e+01	6.774521e+07
2.303914e+01	6.774521e+07
2.319835e+01	5.745361e+07
2.319835e+01	5.745361e+07
2.345286e+01	6.684084e+07
2.345286e+01	6.684084e+07
2.348773e+01	6.436630e+07
2.348773e+01	6.436630e+07
2.398491e+01	7.141073e+07
2.398491e+01	7.141073e+07
2.490491e+01	7.125711e+07
2.490491e+01	7.125711e+07
2.597957e+01	9.215495e+07
2.597957e+01	9.215495e+07
2.660701e+01	8.740786e+07
2.660701e+01	8.740786e+07
2.699953e+01	8.568019e+07
2.699953e+01	8.568019e+07
2.714739e+01	7.132427e+07
2.714739e+01	7.132427e+07
2.754115e+01	6.507891e+07
2.754115e+01	6.507891e+07
2.778156e+01	6.821848e+07
2.778156e+01	6.821848e+07
2.787387e+01	7.543037e+07
2.787387e+01	7.543037e+07
2.880035e+01	8.356965e+07
2.880035e+01	8.356965e+07
2.914723e+01	7.978709e+07
2.914723e+01	7.978709e+07
2.947524e+01	7.372900e+07
2.947524e+01	7.372900e+07
2.973547e+01	7.479350e+07
2.973547e+01	7.479350e+07
2.980128e+01	7.134351e+07
2.980128e+01	7.134351e+07
3.049039e+01	7.052651e+07
3.049039e+01	7.052651e+07
3.088780e+01	7.240410e+07
3.088780e+01	7.240410e+07
3.119439e+01	6.186299e+07
3.119439e+01	6.186299e+07
3.222322e+01	9.278029e+07
3.222322e+01	9.278029e+07
3.466345e+01	6.698813e+07
3.466345e+01	6.698813e+07
3.471473e+01	6.198572e+07
3.471473e+01	6.198572e+07
3.514803e+01	5.210238e+07
3.514803e+01	5.210238e+07
3.518556e+01	5.735511e+07
3.518556e+01	5.735511e+07
3.535945e+01	6.187152e+07
3.535945e+01	6.187152e+07
3.553304e+01	5.676534e+07
3.553304e+01	5.676534e+07
3.568310e+01	5.992982e+07
3.568310e+01	5.992982e+07
3.587856e+01	6.348747e+07
3.587856e+01	6.348747e+07
3.697145e+01	6.980878e+07
3.697145e+01	6.980878e+07
3.712782e+01	6.703973e+07
3.712782e+01	6.703973e+07
3.929871e+01	5.622797e+07
3.929871e+01	5.622797e+07
3.931845e+01	5.645065e+07
3.931845e+01	5.645066e+07
4.207867e+01	5.882840e+07
4.207867e+01	5.882840e+07
4.213141e+01	5.421236e+07
4.213141e+01	5.421236e+07
4.447585e+01	5.102022e+07
4.447585e+01	5.102022e+07
4.447913e+01	5.437924e+07
4.447913e+01	5.437924e+07
4.452181e+01	4.494682e+07
4.452181e+01	4.494682e+07
4.473806e+01	4.974638e+07
4.473806e+01	4.974638e+07
4.893273e+01	4.584135e+07
4.893273e+01	4.584135e+07
4.895911e+01	3.909770e+07
4.895911e+01	3.909770e+07
4.922659e+01	3.707480e+07
4.922659e+01	3.707480e+07
4.924807e+01	4.107116e+07
4.924807e+01	4.107116e+07
5.396338e+01	4.793046e+07
5.396338e+01	4.793046e+07
5.398697e+01	5.013180e+07
5.398697e+01	5.013180e+07
5.427118e+01	3.901006e+07
5.427118e+01	3.901006e+07
5.430216e+01	5.630583e+07
5.430216e+01	5.630583e+07
5.507564e+01	5.489346e+07
5.507564e+01	5.489346e+07
5.510506e+01	5.034332e+07
5.510506e+01	5.034332e+07
5.546261e+01	5.370261e+07
5.546261e+01	5.370261e+07
5.548746e+01	5.889978e+07
5.548746e+01	5.889978e+07
5.568369e+01	7.716535e+07
5.568369e+01	7.716535e+07
5.570218e+01	4.351296e+07
5.570218e+01	4.351296e+07
5.658505e+01	4.598667e+07
5.658505e+01	4.598667e+07
5.658689e+01	4.626181e+07
5.658689e+01	4.626181e+07
5.830770e+01	4.905140e+07
5.830770e+01	4.905140e+07
5.831491e+01	4.848975e+07
5.831491e+01	4.848975e+07
6.114740e+01	3.012364e+07
6.114740e+01	3.012364e+07
6.121252e+01	3.399003e+07
6.121252e+01	3.399003e+07
6.121491e+01	3.469298e+07
6.121491e+01	3.469298e+07
6.122190e+01	3.744207e+07
6.122190e+01	3.744207e+07
6.153772e+01	2.696597e+07
6.153772e+01	2.696597e+07
6.160274e+01	2.737979e+07
6.160274e+01	2.737979e+07
9.099545e+01	1.906969e+07
9.099545e+01	1.906969e+07
9.099545e+01	1.906551e+07
9.099545e+01	1.906551e+07
9.100674e+01	1.343845e+07
9.100674e+01	1.343845e+07
9.100674e+01	1.343937e+07
9.100674e+01	1.343937e+07
9.127138e+01	1.864185e+07
9.127138e+01	1.864185e+07
9.127138e+01	1.864226e+07
9.127138e+01	1.864226e+07
9.127958e+01	2.373056e+07
9.127958e+01	2.373056e+07
9.127958e+01	2.373067e+07
9.127958e+01	2.373067e+07
1.161426e+02	3.361766e+06
1.161426e+02	3.361766e+06
1.161675e+02	2.907529e+06
1.161675e+02	2.907529e+06
2.205167e+00	4.949545e+06
2.205167e+00	4.949545e+06
2.205167e+00	4.949545e+06
2.205167e+00	4.949545e+06
3.657924e+00	1.003966e+07
3.657924e+00	1.003966e+07
3.657924e+00	1.003966e+07
3.657924e+00	1.003966e+07
4.529247e+00	1.249727e+07
4.529247e+00	1.249727e+07
4.529247e+00	1.249727e+07
4.529247e+00	1.249727e+07
5.375511e+00	1.732188e+07
5.375511e+00	1.732188e+07
5.375511e+00	1.732188e+07
5.375511e+00	1.732188e+07
7.214010e+00	1.651568e+07
7.214010e+00	1.651568e+07
7.214010e+00	1.651568e+07
7.214010e+00	1.651568e+07
8.232876e+00	2.148905e+07
8.232876e+00	2.148905e+07
8.232876e+00	2.148905e+07
8.232876e+00	2.148905e+07
8.615363e+00	2.226934e+07
8.615363e+00	2.226934e+07
8.615363e+00	2.226934e+07
8.615363e+00	2.226934e+07
1.002321e+01	2.228576e+07
1.002321e+01	2.228576e+07
1.002321e+01	2.228576e+07
1.002321e+01	2.228576e+07
1.119344e+01	2.344481e+07
1.119344e+01	2.344481e+07
1.119344e+01	2.344481e+07
1.119344e+01	2.344481e+07
1.130299e+01	2.059061e+07
1.130299e+01	2.059061e+07
1.130299e+01	2.059061e+07
1.130299e+01	2.059061e+07
1.238790e+01	2.733271e+07
1.238790e+01	2.733271e+07
1.238790e+01	2.733271e+07
1.238790e+01	2.733271e+07
1.346475e+01	2.846342e+07
1.346475e+01	2.846342e+07
1.346475e+01	2.846342e+07
1.346475e+01	2.846342e+07
1.492981e+01	2.872847e+07
1.492981e+01	2.872847e+07
1.492981e+01	2.872847e+07
1.492981e+01	2.872847e+07
1.607478e+01	2.959300e+07
1.607478e+01	2.959300e+07
1.607478e+01	2.959300e+07
1.607478e+01	2.959300e+07
1.752991e+01	3.049651e+07
1.752991e+01	3.049651e+07
1.752991e+01	3.049651e+07
1.752991e+01	3.049651e+07
1.849763e+01	3.175056e+07
1.849763e+01	3.175056e+07
1.849763e+01	3.175056e+07
1.849763e+01	3.175056e+07
2.026826e+01	3.400148e+07
2.026826e+01	3.400148e+07
2.026826e+01	3.400148e+07
2.026826e+01	3.400148e+07
2.107496e+01	3.462458e+07
2.107496e+01	3.462458e+07
2.107496e+01	3.462458e+07
2.107496e+01	3.462458e+07
2.238962e+01	3.434402e+07
2.238962e+01	3.434402e+07
2.238962e+01	3.434402e+07
2.238962e+01	3.434402e+07
2.249127e+01	4.078352e+07
2.249127e+01	4.078352e+07
2.249127e+01	4.078353e+07
2.249127e+01	4.078353e+07
2.303565e+01	2.703377e+07
2.303565e+01	2.703377e+07
2.303565e+01	2.703377e+07
2.303565e+01	2.703377e+07
2.336580e+01	3.309945e+07
2.336580e+01	3.309945e+07
2.336580e+01	3.309945e+07
2.336580e+01	3.309945e+07
2.499503e+01	4.009851e+07
2.499503e+01	4.009851e+07
2.499503e+01	4.009851e+07
2.499503e+01	4.009851e+07
2.592702e+01	4.079107e+07
2.592702e+01	4.079107e+07
2.592702e+01	4.079106e+07
2.592702e+01	4.079106e+07
2.691811e+01	4.355971e+07
2.691811e+01	4.355971e+07
2.691811e+01	4.355971e+07
2.691811e+01	4.355971e+07
2.756383e+01	3.628381e+07
2.756383e+01	3.628381e+07
2.756383e+01	3.628381e+07
2.756383e+01	3.628381e+07
2.840567e+01	3.008894e+07
2.840567e+01	3.008894e+07
2.840567e+01	3.008894e+07
2.840567e+01	3.008894e+07
2.932209e+01	3.377150e+07
2.932209e+01	3.377150e+07
2.932209e+01	3.377150e+07
2.932209e+01	3.377150e+07
2.974807e+01	3.653331e+07
2.974807e+01	3.653331e+07
2.974807e+01	3.653331e+07
2.974807e+01	3.653331e+07
3.083115e+01	3.281221e+07
3.083115e+01	3.281221e+07
3.083115e+01	3.281221e+07
3.083115e+01	3.281221e+07
3.159345e+01	3.642900e+07
3.159345e+01	3.642900e+07
3.159345e+01	3.642900e+07
3.159345e+01	3.642900e+07
3.470055e+01	3.305057e+07
3.470055e+01	3.305057e+07
3.470055e+01	3.305057e+07
3.470055e+01	3.305057e+07
3.507458e+01	2.546563e+07
3.507458e+01	2.546563e+07
3.507458e+01	2.546563e+07
3.507458e+01	2.546563e+07
3.544688e+01	3.084568e+07
3.544688e+01	3.084568e+07
3.544688e+01	3.084568e+07
3.544688e+01	3.084568e+07
3.577201e+01	2.410295e+07
3.577201e+01	2.410295e+07
3.577201e+01	2.410295e+07
3.577201e+01	2.410295e+07
3.704781e+01	4.069032e+07
3.704781e+01	4.069032e+07
3.704781e+01	4.069032e+07
3.704781e+01	4.069032e+07
3.931975e+01	2.989240e+07
3.931975e+01	2.989240e+07
3.931975e+01	2.989240e+07
3.931975e+01	2.989240e+07
4.210206e+01	2.990259e+07
4.210206e+01	2.990259e+07
4.210206e+01	2.990259e+07
4.210206e+01	2.990259e+07
4.443791e+01	2.798650e+07
4.443791e+01	2.798650e+07
4.443791e+01	2.798650e+07
4.443791e+01	2.798650e+07
4.462923e+01	2.447159e+07
4.462923e+01	2.447159e+07
4.462923e+01	2.447159e+07
4.462923e+01	2.447159e+07
4.897564e+01	2.350938e+07
4.897564e+01	2.350938e+07
4.897564e+01	2.350938e+07
4.897564e+01	2.350938e+07
4.930198e+01	2.453181e+07
4.930198e+01	2.453181e+07
4.930198e+01	2.453181e+07
4.930198e+01	2.453181e+07
5.395635e+01	2.745238e+07
5.395635e+01	2.745238e+07
5.395635e+01	2.745238e+07
5.395635e+01	2.745238e+07
5.427020e+01	2.568936e+07
5.427020e+01	2.568936e+07
5.427020e+01	2.568936e+07
5.427020e+01	2.568936e+07
5.508919e+01	2.291528e+07
5.508919e+01	2.291528e+07
5.508919e+01	2.291528e+07
5.508919e+01	2.291528e+07
5.547387e+01	2.789907e+07
5.547387e+01	2.789907e+07
5.547387e+01	2.789907e+07
5.547387e+01	2.789907e+07
5.571181e+01	2.621826e+07
5.571181e+01	2.621826e+07
5.571181e+01	2.621826e+07
5.571181e+01	2.621826e+07
5.663865e+01	6.943708e+07
5.663865e+01	6.943710e+07
5.663865e+01	6.943714e+07
5.663865e+01	6.943716e+07
5.829198e+01	3.365131e+07
5.829198e+01	3.365131e+07
5.829198e+01	3.365131e+07
5.829198e+01	3.365130e+07
6.118238e+01	2.363716e+07
6.118238e+01	2.363716e+07
6.118238e+01	2.363716e+07
6.118238e+01	2.363716e+07
6.118713e+01	2.323951e+07
6.118713e+01	2.323951e+07
6.118713e+01	2.323951e+07
6.118713e+01	2.323951e+07
6.157123e+01	1.865715e+07
6.157123e+01	1.865715e+07
6.157123e+01	1.865715e+07
6.157123e+01	1.865715e+07
9.096400e+01	1.142737e+07
9.096400e+01	1.142737e+07
9.096400e+01	1.142737e+07
9.096400e+01	1.142737e+07
9.107443e+01	6.536741e+06
9.107443e+01	6.536741e+06
9.107443e+01	6.536741e+06
9.107443e+01	6.536741e+06
9.119351e+01	2.878760e+06
9.119351e+01	2.878760e+06
9.119351e+01	2.878760e+06
9.119351e+01	2.878760e+06
9.132122e+01	1.286143e+07
9.132122e+01	1.286143e+07
9.132122e+01	1.286143e+07
9.132122e+01	1.286143e+07
1.161550e+02	1.147535e+06
1.161550e+02	1.147535e+06
1.161550e+02	1.147535e+06
1.161550e+02	1.147535e+06
1.819160e+00	1.199570e+07
1.819160e+00	1.199570e+07
2.007363e+00	1.483567e+07
2.007363e+00	1.483567e+07
2.396100e+00	1.426540e+07
2.396100e+00	1.426540e+07
3.517825e+00	1.975090e+07
3.517825e+00	1.975090e+07
4.297131e+00	3.055855e+07
4.297131e+00	3.055855e+07
4.541364e+00	2.906791e+07
4.541364e+00	2.906791e+07
4.681956e+00	2.657102e+07
4.681956e+00	2.657102e+07
6.175881e+00	4.004399e+07
6.175881e+00	4.004399e+07
6.773518e+00	3.920751e+07
6.773518e+00	3.920751e+07
7.294989e+00	3.953807e+07
7.294989e+00	3.953807e+07
7.786061e+00	4.975878e+07
7.786061e+00	4.975878e+07
8.197427e+00	4.621752e+07
8.197427e+00	4.621752e+07
8.604036e+00	5.146172e+07
8.604036e+00	5.146172e+07
9.074220e+00	5.253630e+07
9.074220e+00	5.253630e+07
9.996916e+00	4.774054e+07
9.996916e+00	4.774054e+07
1.032262e+01	4.684159e+07
1.032262e+01	4.684159e+07
1.079916e+01	4.996419e+07
1.079916e+01	4.996419e+07
1.121335e+01	5.699454e+07
1.121335e+01	5.699454e+07
1.148753e+01	4.899049e+07
1.148753e+01	4.899049e+07
1.163346e+01	5.723185e+07
1.163346e+01	5.723185e+07
1.249541e+01	6.336458e+07
1.249541e+01	6.336458e+07
1.268678e+01	6.464612e+07
1.268678e+01	6.464612e+07
1.343501e+01	5.176840e+07
1.343501e+01	5.176840e+07
1.384194e+01	6.562862e+07
1.384194e+01	6.562862e+07
1.512414e+01	5.443473e+07
1.512414e+01	5.443473e+07
1.535968e+01	5.053992e+07
1.535968e+01	5.053992e+07
1.587716e+01	5.854062e+07
1.587716e+01	5.854062e+07
1.664022e+01	6.379262e+07
1.664022e+01	6.379262e+07
1.720474e+01	6.265864e+07
1.720474e+01	6.265864e+07
1.764746e+01	6.856491e+07
1.764746e+01	6.856491e+07
1.833984e+01	6.789255e+07
1.833984e+01	6.789255e+07
1.883455e+01	6.103563e+07
1.883455e+01	6.103563e+07
1.888350e+01	5.855328e+07
1.888350e+01	5.855328e+07
2.008374e+01	7.182427e+07
2.008374e+01	7.182427e+07
2.075083e+01	7.162759e+07
2.075083e+01	7.162759e+07
2.112032e+01	7.385796e+07
2.112032e+01	7.385796e+07
2.196009e+01	7.588607e+07
2.196009e+01	7.588607e+07
2.213844e+01	6.138281e+07
2.213844e+01	6.138281e+07
2.274581e+01	6.971565e+07
2.274581e+01	6.971565e+07
2.300898e+01	7.373907e+07
2.300898e+01	7.373907e+07
2.303914e+01	6.774521e+07
2.303914e+01	6.774521e+07
2.319835e+01	5.745361e+07
2.319835e+01	5.745361e+07
2.345286e+01	6.684084e+07
2.345286e+01	6.684084e+07
2.348773e+01	6.436630e+07
2.348773e+01	6.436630e+07
2.398491e+01	7.141073e+07
2.398491e+01	7.141073e+07
2.490491e+01	7.125711e+07
2.490491e+01	7.125711e+07
2.597957e+01	9.215495e+07
2.597957e+01	9.215495e+07
2.660701e+01	8.740786e+07
2.660701e+01	8.740786e+07
2.699953e+01	8.568019e+07
2.699953e+01	8.568019e+07
2.714739e+01	7.132427e+07
2.714739e+01	7.132427e+07
2.754115e+01	6.507891e+07
2.754115e+01	6.507891e+07
2.778156e+01	6.821848e+07
2.778156e+01	6.821848e+07
2.787387e+01	7.543037e+07
2.787387e+01	7.543037e+07
2.880035e+01	8.356965e+07
2.880035e+01	8.356965e+07
2.914723e+01	7.978709e+07
2.914723e+01	7.978709e+07
2.947524e+01	7.372900e+07
2.947524e+01	7.372900e+07
2.973547e+01	7.479350e+07
2.973547e+01	7.479350e+07
2.980128e+01	7.134351e+07
2.980128e+01	7.134351e+07
3.049039e+01	7.052651e+07
3.049039e+01	7.052651e+07
3.088780e+01	7.240410e+07
3.088780e+01	7.240410e+07
3.119439e+01	6.186299e+07
3.119439e+01	6.186299e+07
3.222322e+01	9.278029e+07
3.222322e+01	9.278029e+07
3.466345e+01	6.698813e+07
3.466345e+01	6.698813e+07
3.471473e+01	6.198572e+07
3.471473e+01	6.198572e+07
3.514803e+01	5.210238e+07
3.514803e+01	5.210238e+07
3.518556e+01	5.735511e+07
3.518556e+01	5.735511e+07
3.535945e+01	6.187152e+07
3.535945e+01	6.187152e+07
3.553304e+01	5.676534e+07
3.553304e+01	5.676534e+07
3.568310e+01	5.992982e+07
3.568310e+01	5.992982e+07
3.587856e+01	6.348747e+07
3.587856e+01	6.348747e+07
3.697145e+01	6.980878e+07
3.697145e+01	6.980878e+07
3.712782e+01	6.703973e+07
3.712782e+01	6.703973e+07
3.929871e+01	5.622797e+07
3.929871e+01	5.622797e+07
3.931845e+01	5.645065e+07
3.931845e+01	5.645066e+07
4.207867e+01	5.882840e+07
4.207867e+01	5.882840e+07
4.213141e+01	5.421236e+07
4.213141e+01	5.421236e+07
4.447585e+01	5.102022e+07
4.447585e+01	5.102022e+07
4.447913e+01	5.437924e+07
4.447913e+01	5.437924e+07
4.452181e+01	4.494682e+07
4.452181e+01	4.494682e+07
4.473806e+01	4.974638e+07
4.473806e+01	4.974638e+07
4.893273e+01	4.584135e+07
4.893273e+01	4.584135e+07
4.895911e+01	3.909770e+07
4.895911e+01	3.909770e+07
4.922659e+01	3.707480e+07
4.922659e+01	3.707480e+07
4.924807e+01	4.107116e+07
4.924807e+01	4.107116e+07
5.396338e+01	4.793046e+07
5.396338e+01	4.793046e+07
5.398697e+01	5.013180e+07
5.398697e+01	5.013180e+07
5.427118e+01	3.901006e+07
5.427118e+01	3.901006e+07
5.430216e+01	5.630583e+07
5.430216e+01	5.630583e+07
5.507564e+01	5.489346e+07
5.507564e+01	5.489346e+07
5.510506e+01	5.034332e+07
5.510506e+01	5.034332e+07
5.546261e+01	5.370261e+07
5.546261e+01	5.370261e+07
5.548746e+01	5.889978e+07
5.548746e+01	5.889978e+07
5.568369e+01	7.716535e+07
5.568369e+01	7.716535e+07
5.570218e+01	4.351296e+07
5.570218e+01	4.351296e+07
5.658505e+01	4.598667e+07
5.658505e+01	4.598667e+07
5.658689e+01	4.626181e+07
5.658689e+01	4.626181e+07
5.830770e+01	4.905140e+07
5.830770e+01	4.905140e+07
5.831491e+01	4.848975e+07
5.831491e+01	4.848975e+07
6.114740e+01	3.012364e+07
6.114740e+01	3.012364e+07
6.121252e+01	3.399003e+07
6.121252e+01	3.399003e+07
6.121491e+01	3.469298e+07
6.121491e+01	3.469298e+07
6.122190e+01	3.744207e+07
6.122190e+01	3.744207e+07
6.153772e+01	2.696597e+07
6.153772e+01	2.696597e+07
6.160274e+01	2.737979e+07
6.160274e+01	2.737979e+07
9.099545e+01	1.906969e+07
9.099545e+01	1.906969e+07
9.099545e+01	1.906551e+07
9.099545e+01	1.906551e+07
9.100674e+01	1.343845e+07
9.100674e+01	1.343845e+07
9.100674e+01	1.343937e+07
9.100674e+01	1.343937e+07
9.127138e+01	1.864185e+07
9.127138e+01	1.864185e+07
9.127138e+01	1.864226e+07
9.127138e+01	1.864226e+07
9.127958e+01	2.373056e+07
9.127958e+01	2.373056e+07
9.127958e+01	2.373067e+07
9.127958e+01	2.373067e+07
1.161426e+02	3.361766e+06
1.161426e+02	3.361766e+06
1.161675e+02	2.907529e+06
1.161675e+02	2.907529e+06
