# Frequency(THz) PDOS
0.000000 0.000352
0.159155 0.001034
0.318310 0.003179
0.477465 0.006917
0.636620 0.012099
0.795775 0.018338
0.954930 0.025607
1.114085 0.035088
1.273240 0.049498
1.432394 0.072243
1.591549 0.105444
1.750704 0.147726
1.909859 0.193159
2.069014 0.232320
2.228169 0.255375
2.387324 0.255893
2.546479 0.233564
2.705634 0.194424
2.864789 0.148447
3.023944 0.105688
3.183099 0.072827
3.342254 0.051606
3.501409 0.039601
3.660564 0.032531
3.819719 0.026716
3.978874 0.020479
4.138029 0.014102
4.297183 0.008771
4.456338 0.005387
4.615493 0.003959
4.774648 0.003740
4.933803 0.003820
5.092958 0.003649
5.252113 0.003203
5.411268 0.002768
5.570423 0.002607
5.729578 0.002762
5.888733 0.003085
6.047888 0.003396
6.207043 0.003617
6.366198 0.003779
6.525353 0.003945
6.684508 0.004134
6.843663 0.004332
7.002817 0.004570
7.161972 0.004985
7.321127 0.005787
7.480282 0.007131
7.639437 0.008979
7.798592 0.011044
7.957747 0.012870
8.116902 0.014006
8.276057 0.014189
8.435212 0.013428
8.594367 0.011980
8.753522 0.010216
8.912677 0.008485
9.071832 0.007010
9.230987 0.005866
9.390142 0.005010
9.549297 0.004343
9.708452 0.003771
9.867606 0.003240
10.026761 0.002744
10.185916 0.002314
10.345071 0.001995
10.504226 0.001813
10.663381 0.001767
10.822536 0.001823
10.981691 0.001932
11.140846 0.002051
11.300001 0.002151
11.459156 0.002219
11.618311 0.002248
11.777466 0.002230
11.936621 0.002158
12.095776 0.002031
12.254931 0.001865
12.414086 0.001691
12.573241 0.001548
12.732395 0.001462
12.891550 0.001442
13.050705 0.001473
13.209860 0.001527
13.369015 0.001568
13.528170 0.001567
13.687325 0.001502
13.846480 0.001372
14.005635 0.001193
14.164790 0.001005
14.323945 0.000865
14.483100 0.000828
14.642255 0.000934
14.801410 0.001182
14.960565 0.001536
15.119720 0.001929
15.278875 0.002291
15.438029 0.002567
15.597184 0.002733
15.756339 0.002794
15.915494 0.002769
16.074649 0.002679
16.233804 0.002540
16.392959 0.002365
16.552114 0.002175
16.711269 0.002010
16.870424 0.001931
17.029579 0.002006
17.188734 0.002280
17.347889 0.002750
17.507044 0.003345
17.666199 0.003944
17.825354 0.004405
17.984509 0.004613
18.143664 0.004524
18.302818 0.004177
18.461973 0.003672
18.621128 0.003136
18.780283 0.002674
18.939438 0.002338
19.098593 0.002127
19.257748 0.001996
19.416903 0.001890
19.576058 0.001763
19.735213 0.001594
19.894368 0.001388
20.053523 0.001170
20.212678 0.000972
20.371833 0.000825
20.530988 0.000743
20.690143 0.000725
20.849298 0.000750
21.008452 0.000793
21.167607 0.000829
21.326762 0.000849
21.485917 0.000855
21.645072 0.000863
21.804227 0.000897
21.963382 0.000989
22.122537 0.001182
22.281692 0.001523
22.440847 0.002042
22.600002 0.002725
22.759157 0.003492
22.918312 0.004203
23.077467 0.004697
23.236622 0.004864
23.395777 0.004708
23.554932 0.004373
23.714087 0.004097
23.873241 0.004120
24.032396 0.004569
24.191551 0.005387
24.350706 0.006338
24.509861 0.007097
24.669016 0.007382
24.828171 0.007067
24.987326 0.006227
25.146481 0.005101
25.305636 0.003985
25.464791 0.003122
25.623946 0.002624
25.783101 0.002458
25.942256 0.002501
26.101411 0.002609
26.260566 0.002683
26.419721 0.002697
26.578875 0.002677
26.738030 0.002670
26.897185 0.002699
27.056340 0.002756
27.215495 0.002814
27.374650 0.002857
27.533805 0.002910
27.692960 0.003040
27.852115 0.003329
28.011270 0.003832
28.170425 0.004526
28.329580 0.005298
28.488735 0.005966
28.647890 0.006329
28.807045 0.006245
28.966200 0.005683
29.125355 0.004732
29.284510 0.003578
29.443664 0.002432
29.602819 0.001467
29.761974 0.000777
29.921129 0.000362
30.080284 0.000162
30.239439 0.000090
30.398594 0.000075
30.557749 0.000072
30.716904 0.000068
30.876059 0.000062
31.035214 0.000059
31.194369 0.000058
31.353524 0.000057
31.512679 0.000055
31.671834 0.000051
31.830989 0.000046
31.990144 0.000043
32.149299 0.000042
32.308453 0.000040
32.467608 0.000036
32.626763 0.000032
32.785918 0.000027
32.945073 0.000024
33.104228 0.000022
33.263383 0.000021
33.422538 0.000020
33.581693 0.000019
33.740848 0.000019
33.900003 0.000019
34.059158 0.000020
34.218313 0.000020
34.377468 0.000020
34.536623 0.000019
34.695778 0.000018
34.854933 0.000017
35.014087 0.000016
35.173242 0.000016
35.332397 0.000016
35.491552 0.000015
35.650707 0.000015
35.809862 0.000014
35.969017 0.000014
36.128172 0.000014
36.287327 0.000013
36.446482 0.000012
36.605637 0.000012
36.764792 0.000011
36.923947 0.000011
37.083102 0.000011
37.242257 0.000011
37.401412 0.000011
37.560567 0.000011
37.719722 0.000011
37.878876 0.000012
38.038031 0.000012
38.197186 0.000013
38.356341 0.000013
38.515496 0.000015
38.674651 0.000018
38.833806 0.000024
38.992961 0.000031
39.152116 0.000039
39.311271 0.000044
39.470426 0.000046
39.629581 0.000044
39.788736 0.000038
39.947891 0.000031
40.107046 0.000023
40.266201 0.000017
40.425356 0.000014
40.584510 0.000013
40.743665 0.000014
40.902820 0.000015
41.061975 0.000016
41.221130 0.000016
41.380285 0.000016
41.539440 0.000016
41.698595 0.000016
41.857750 0.000017
42.016905 0.000018
42.176060 0.000018
42.335215 0.000017
42.494370 0.000015
42.653525 0.000014
42.812680 0.000012
42.971835 0.000011
43.130990 0.000010
43.290145 0.000009
43.449299 0.000009
43.608454 0.000008
43.767609 0.000008
43.926764 0.000008
44.085919 0.000007
44.245074 0.000007
44.404229 0.000007
44.563384 0.000008
44.722539 0.000008
44.881694 0.000008
45.040849 0.000007
45.200004 0.000007
45.359159 0.000007
45.518314 0.000008
45.677469 0.000010
45.836624 0.000009
45.995779 0.000008
46.154933 0.000007
46.314088 0.000008
46.473243 0.000012
46.632398 0.000015
46.791553 0.000016
46.950708 0.000012
47.109863 0.000007
47.269018 0.000009
47.428173 0.000022
47.587328 0.000041
47.746483 0.000051
47.905638 0.000037
48.064793 0.000005
48.223948 -0.000004
48.383103 0.000088
48.542258 0.000363
48.701413 0.000872
48.860568 0.001586
49.019722 0.002387
49.178877 0.003091
49.338032 0.003512
49.497187 0.003534
49.656342 0.003149
49.815497 0.002470
49.974652 0.001675
50.133807 0.000949
50.292962 0.000416
50.452117 0.000114
50.611272 0.000005
50.770427 0.000008
50.929582 0.000044
51.088737 0.000064
51.247892 0.000056
51.407047 0.000034
51.566202 0.000017
51.725357 0.000018
51.884511 0.000033
52.043666 0.000050
52.202821 0.000058
52.361976 0.000058
52.521131 0.000056
52.680286 0.000064
52.839441 0.000083
52.998596 0.000102
53.157751 0.000103
53.316906 0.000079
53.476061 0.000042
53.635216 0.000023
53.794371 0.000045
53.953526 0.000098
54.112681 0.000137
54.271836 0.000101
54.430991 -0.000021
54.590145 -0.000131
54.749300 -0.000012
54.908455 0.000614
55.067610 0.001954
55.226765 0.004006
55.385920 0.006481
55.545075 0.008844
55.704230 0.010486
55.863385 0.010943
56.022540 0.010081
56.181695 0.008154
56.340850 0.005700
56.500005 0.003336
56.659160 0.001533
56.818315 0.000487
56.977470 0.000108
57.136625 0.000135
57.295780 0.000288
57.454934 0.000382
57.614089 0.000366
57.773244 0.000284
57.932399 0.000203
58.091554 0.000161
58.250709 0.000155
58.409864 0.000164
58.569019 0.000176
58.728174 0.000193
58.887329 0.000222
59.046484 0.000252
59.205639 0.000257
59.364794 0.000219
59.523949 0.000151
59.683104 0.000099
59.842259 0.000111
60.001414 0.000179
60.160568 0.000227
60.319723 0.000153
60.478878 -0.000069
60.638033 -0.000278
60.797188 -0.000099
60.956343 0.000948
61.115498 0.003222
61.274653 0.006712
61.433808 0.010905
61.592963 0.014873
61.752118 0.017566
61.911273 0.018210
62.070428 0.016610
62.229583 0.013236
62.388738 0.009027
62.547893 0.005030
62.707048 0.002022
62.866203 0.000300
63.025357 -0.000310
63.184512 -0.000252
63.343667 0.000010
63.502822 0.000181
63.661977 0.000182
63.821132 0.000085
63.980287 -0.000005
64.139442 -0.000029
64.298597 0.000003
64.457752 0.000042
64.616907 0.000054
64.776062 0.000036
64.935217 0.000008
65.094372 -0.000004
65.253527 0.000003
65.412682 0.000020
65.571837 0.000030
65.730991 0.000027
65.890146 0.000016
66.049301 0.000008
66.208456 0.000007
66.367611 0.000013
66.526766 0.000017
66.685921 0.000016
66.845076 0.000010
67.004231 0.000004
67.163386 0.000002
67.322541 0.000005
67.481696 0.000008
67.640851 0.000009
67.800006 0.000007
67.959161 0.000003
68.118316 0.000001
68.277471 0.000002
68.436626 0.000004
68.595780 0.000005
68.754935 0.000004
68.914090 0.000002
69.073245 0.000001
69.232400 0.000002
69.391555 0.000004
69.550710 0.000006
69.709865 0.000006
69.869020 0.000005
70.028175 0.000004
70.187330 0.000003
70.346485 0.000004
70.505640 0.000004
70.664795 0.000004
70.823950 0.000004
70.983105 0.000003
71.142260 0.000003
71.301415 0.000004
71.460569 0.000005
71.619724 0.000005
71.778879 0.000005
71.938034 0.000004
72.097189 0.000004
72.256344 0.000004
72.415499 0.000004
72.574654 0.000005
72.733809 0.000005
72.892964 0.000004
73.052119 0.000003
73.211274 0.000003
73.370429 0.000003
73.529584 0.000003
73.688739 0.000003
73.847894 0.000002
74.007049 0.000002
74.166203 0.000001
74.325358 0.000002
74.484513 0.000002
74.643668 0.000002
74.802823 0.000002
74.961978 0.000002
75.121133 0.000002
75.280288 0.000002
75.439443 0.000002
75.598598 0.000002
75.757753 0.000001
75.916908 0.000001
76.076063 0.000001
76.235218 0.000001
76.394373 0.000001
76.553528 0.000001
76.712683 0.000001
76.871838 0.000001
77.030992 0.000001
77.190147 0.000000
77.349302 0.000001
77.508457 0.000001
77.667612 0.000001
77.826767 0.000001
77.985922 0.000000
78.145077 0.000000
78.304232 0.000000
78.463387 0.000001
78.622542 0.000001
78.781697 0.000001
78.940852 0.000000
79.100007 0.000000
79.259162 0.000000
79.418317 0.000000
79.577472 0.000001
79.736626 0.000000
79.895781 0.000000
80.054936 0.000000
80.214091 0.000000
80.373246 0.000001
80.532401 0.000001
80.691556 0.000001
80.850711 0.000001
81.009866 0.000001
81.169021 0.000002
81.328176 0.000002
81.487331 0.000002
81.646486 0.000003
81.805641 0.000003
81.964796 0.000003
82.123951 0.000002
82.283106 0.000002
82.442261 0.000002
82.601415 0.000001
82.760570 0.000001
82.919725 0.000001
83.078880 0.000001
83.238035 0.000001
83.397190 0.000001
83.556345 0.000001
83.715500 0.000001
83.874655 0.000001
84.033810 0.000001
84.192965 0.000001
84.352120 0.000001
84.511275 0.000001
84.670430 0.000001
84.829585 0.000001
84.988740 0.000001
85.147895 0.000001
85.307049 0.000000
85.466204 0.000000
85.625359 0.000000
85.784514 0.000000
85.943669 0.000000
86.102824 0.000000
86.261979 0.000000
86.421134 0.000000
86.580289 0.000000
86.739444 0.000000
86.898599 0.000000
87.057754 0.000000
87.216909 0.000000
87.376064 0.000000
87.535219 0.000000
87.694374 0.000000
87.853529 0.000000
88.012684 0.000000
88.171838 0.000001
88.330993 0.000001
88.490148 0.000001
88.649303 0.000001
88.808458 0.000001
88.967613 0.000001
89.126768 0.000001
89.285923 0.000001
89.445078 0.000001
89.604233 0.000001
89.763388 0.000000
89.922543 0.000000
90.081698 0.000000
90.240853 0.000000
90.400008 0.000000
90.559163 0.000000
90.718318 0.000000
90.877473 0.000001
91.036627 0.000001
91.195782 0.000002
91.354937 0.000003
91.514092 0.000005
91.673247 0.000009
91.832402 0.000014
91.991557 0.000019
92.150712 0.000025
92.309867 0.000029
92.469022 0.000031
92.628177 0.000031
92.787332 0.000027
92.946487 0.000022
93.105642 0.000016
93.264797 0.000010
93.423952 0.000005
93.583107 0.000002
93.742261 0.000001
93.901416 0.000001
94.060571 0.000001
94.219726 0.000001
94.378881 0.000001
94.538036 0.000001
94.697191 0.000001
94.856346 0.000000
95.015501 0.000000
95.174656 0.000000
95.333811 0.000000
95.492966 0.000000
95.652121 0.000000
95.811276 0.000000
95.970431 0.000000
96.129586 0.000000
96.288741 0.000000
96.447896 0.000000
96.607050 0.000000
96.766205 0.000000
96.925360 0.000000
97.084515 0.000000
97.243670 0.000000
97.402825 0.000000
97.561980 0.000000
97.721135 0.000000
97.880290 0.000000
98.039445 0.000000
98.198600 0.000000
98.357755 0.000000
98.516910 0.000000
98.676065 0.000000
98.835220 0.000000
98.994375 0.000000
99.153530 0.000000
99.312684 0.000000
99.471839 0.000000
99.630994 0.000000
99.790149 0.000000
99.949304 0.000000
100.108459 0.000000
100.267614 0.000000
100.426769 0.000000
100.585924 0.000000
100.745079 0.000000
100.904234 0.000000
101.063389 0.000000
101.222544 0.000000
101.381699 0.000000
101.540854 0.000000
101.700009 0.000000
101.859164 0.000000
102.018319 0.000000
102.177473 0.000000
102.336628 0.000000
102.495783 0.000000
102.654938 0.000000
102.814093 0.000000
102.973248 0.000000
103.132403 0.000000
103.291558 0.000000
103.450713 0.000000
103.609868 0.000000
103.769023 0.000000
103.928178 0.000000
104.087333 0.000000
104.246488 0.000000
104.405643 0.000000
104.564798 0.000000
104.723953 0.000000
104.883107 0.000000
105.042262 0.000000
105.201417 0.000000
105.360572 0.000000
105.519727 0.000000
105.678882 0.000000
105.838037 0.000000
105.997192 0.000000
106.156347 0.000000
106.315502 0.000000
106.474657 0.000000
106.633812 0.000000
106.792967 0.000000
106.952122 0.000000
107.111277 0.000000
107.270432 0.000000
107.429587 0.000000
107.588742 0.000000
107.747896 0.000000
107.907051 0.000000
108.066206 0.000000
108.225361 0.000000
108.384516 0.000000
108.543671 0.000000
108.702826 0.000000
108.861981 0.000000
109.021136 0.000000
109.180291 0.000000
109.339446 0.000000
109.498601 0.000000
109.657756 0.000000
109.816911 0.000000
109.976066 0.000000
110.135221 0.000000
110.294376 0.000000
110.453531 0.000000
110.612685 0.000000
110.771840 0.000000
110.930995 0.000000
111.090150 0.000000
111.249305 0.000000
111.408460 0.000000
111.567615 0.000000
111.726770 0.000000
111.885925 0.000000
112.045080 0.000000
112.204235 0.000000
112.363390 0.000000
112.522545 0.000000
112.681700 0.000000
112.840855 0.000000
113.000010 0.000000
113.159165 0.000000
113.318319 0.000000
113.477474 0.000000
113.636629 0.000000
113.795784 0.000000
113.954939 0.000000
114.114094 0.000000
114.273249 0.000000
114.432404 0.000000
114.591559 0.000000
114.750714 0.000000
114.909869 0.000000
115.069024 0.000000
115.228179 0.000000
115.387334 0.000000
115.546489 0.000000
115.705644 0.000000
115.864799 0.000000
116.023954 0.000000
116.183108 0.000000
116.342263 0.000000
116.501418 0.000000
116.660573 0.000000
116.819728 0.000000
116.978883 0.000000
117.138038 0.000000
117.297193 0.000000
117.456348 0.000000
117.615503 0.000000
117.774658 0.000000
117.933813 0.000000
118.092968 0.000000
118.252123 0.000000
118.411278 0.000000
118.570433 0.000000
118.729588 0.000000
118.888742 0.000000
119.047897 0.000000
119.207052 0.000000
119.366207 0.000000
119.525362 0.000000
119.684517 0.000000
119.843672 0.000000
120.002827 0.000000
120.161982 0.000000
120.321137 0.000000
120.480292 0.000000
120.639447 0.000000
120.798602 0.000000
120.957757 0.000000
121.116912 0.000000
121.276067 0.000000
121.435222 0.000000
121.594377 0.000000
121.753531 0.000000
121.912686 0.000000
122.071841 0.000000
122.230996 0.000000
122.390151 0.000000
122.549306 0.000000
122.708461 0.000000
122.867616 0.000000
123.026771 0.000000
123.185926 0.000000
123.345081 0.000000
123.504236 0.000000
123.663391 0.000000
123.822546 0.000000
123.981701 0.000000
124.140856 0.000000
124.300011 0.000000
124.459165 0.000000
124.618320 0.000000
124.777475 0.000000
124.936630 0.000000
125.095785 0.000000
125.254940 0.000000
125.414095 0.000000
125.573250 0.000000
125.732405 0.000000
125.891560 0.000000
126.050715 0.000000
126.209870 0.000000
126.369025 0.000000
126.528180 0.000000
126.687335 0.000000
126.846490 0.000000
127.005645 0.000000
127.164800 0.000000
127.323954 0.000000
127.483109 0.000000
127.642264 0.000000
127.801419 0.000000
127.960574 0.000000
128.119729 0.000000
128.278884 0.000000
128.438039 0.000000
128.597194 0.000000
128.756349 0.000000
128.915504 0.000000
129.074659 0.000000
129.233814 0.000000
129.392969 0.000000
129.552124 0.000000
129.711279 0.000000
129.870434 0.000000
130.029589 0.000000
130.188743 0.000000
130.347898 0.000000
130.507053 0.000000
130.666208 0.000000
130.825363 0.000000
130.984518 0.000000
131.143673 0.000000
131.302828 0.000000
131.461983 0.000000
131.621138 0.000000
131.780293 0.000000
131.939448 0.000000
132.098603 0.000000
132.257758 0.000000
132.416913 0.000000
132.576068 0.000000
132.735223 0.000000
132.894377 0.000000
133.053532 0.000000
133.212687 0.000000
133.371842 0.000000
133.530997 0.000000
133.690152 0.000000
133.849307 0.000000
134.008462 0.000000
134.167617 0.000000
134.326772 0.000000
134.485927 0.000000
134.645082 0.000000
134.804237 0.000000
134.963392 0.000000
135.122547 0.000000
135.281702 0.000000
135.440857 0.000000
135.600012 0.000000
135.759166 0.000000
135.918321 0.000000
136.077476 0.000000
136.236631 0.000000
136.395786 0.000000
136.554941 0.000000
136.714096 0.000000
136.873251 0.000000
137.032406 0.000000
137.191561 0.000000
137.350716 0.000000
137.509871 0.000000
137.669026 0.000000
137.828181 0.000000
137.987336 0.000000
138.146491 0.000000
138.305646 0.000000
138.464800 0.000000
138.623955 0.000000
138.783110 0.000000
138.942265 0.000000
139.101420 0.000000
139.260575 0.000000
139.419730 0.000000
139.578885 0.000000
139.738040 0.000000
139.897195 0.000000
140.056350 0.000000
140.215505 0.000000
140.374660 0.000000
140.533815 0.000000
140.692970 0.000000
140.852125 0.000000
141.011280 0.000000
141.170435 0.000000
141.329589 0.000000
141.488744 0.000000
141.647899 0.000000
141.807054 0.000000
141.966209 0.000000
142.125364 0.000000
142.284519 0.000000
142.443674 0.000000
142.602829 0.000000
142.761984 0.000000
142.921139 0.000000
143.080294 0.000000
143.239449 0.000000
143.398604 0.000000
143.557759 0.000000
143.716914 0.000000
143.876069 0.000000
144.035223 0.000000
144.194378 0.000000
144.353533 0.000000
144.512688 0.000000
144.671843 0.000000
144.830998 0.000000
144.990153 0.000000
145.149308 0.000000
145.308463 0.000000
145.467618 0.000000
145.626773 0.000000
145.785928 0.000000
145.945083 0.000000
146.104238 0.000000
146.263393 0.000000
146.422548 0.000000
146.581703 0.000000
146.740858 0.000000
146.900012 0.000000
147.059167 0.000000
147.218322 0.000000
147.377477 0.000000
147.536632 0.000000
147.695787 0.000000
147.854942 0.000000
148.014097 0.000000
148.173252 0.000000
148.332407 0.000000
148.491562 0.000000
148.650717 0.000000
148.809872 0.000000
148.969027 0.000000
149.128182 0.000000
149.287337 0.000000
149.446492 0.000000
149.605647 0.000000
149.764801 0.000000
149.923956 0.000000
150.083111 0.000000
150.242266 0.000000
150.401421 0.000000
150.560576 0.000000
150.719731 0.000000
150.878886 0.000000
151.038041 0.000000
151.197196 0.000000
151.356351 0.000000
151.515506 0.000000
151.674661 0.000000
151.833816 0.000000
151.992971 0.000000
152.152126 0.000000
152.311281 0.000000
152.470435 0.000000
152.629590 0.000000
152.788745 0.000000
152.947900 0.000000
153.107055 0.000000
153.266210 0.000000
153.425365 0.000000
153.584520 0.000000
153.743675 0.000000
153.902830 0.000000
154.061985 0.000000
154.221140 0.000000
154.380295 0.000000
154.539450 0.000000
154.698605 0.000000
154.857760 0.000000
155.016915 0.000000
155.176070 0.000000
155.335224 0.000000
155.494379 0.000000
155.653534 0.000000
155.812689 0.000000
155.971844 0.000000
156.130999 0.000000
156.290154 0.000000
156.449309 0.000000
156.608464 0.000000
156.767619 0.000000
156.926774 0.000000
157.085929 0.000000
157.245084 0.000000
157.404239 0.000000
157.563394 0.000000
157.722549 0.000000
157.881704 0.000000
158.040858 0.000000
158.200013 0.000000
158.359168 0.000000
158.518323 0.000000
158.677478 0.000000
158.836633 0.000000
158.995788 0.000000
159.154943 0.000000
