# End points of segments: 
#   0.00000000 0.03947550 
0.000000 -0.000948
0.003947 -0.040390
0.007895 -0.079552
0.011843 -0.116263
0.015790 -0.149213
0.019738 -0.177003
0.023685 -0.198148
0.027633 -0.211215
0.031580 -0.215416
0.035528 -0.212538
0.039475 -0.209629


0.000000 -0.000531
0.003947 0.169743
0.007895 0.332344
0.011843 0.481156
0.015790 0.610653
0.019738 0.717136
0.023685 0.799281
0.027633 0.858161
0.031580 0.896567
0.035528 0.917839
0.039475 0.924601


0.000000 -0.000531
0.003947 0.449089
0.007895 0.897130
0.011843 1.343072
0.015790 1.785861
0.019738 2.224432
0.023685 2.657706
0.027633 3.084570
0.031580 3.503790
0.035528 3.913411
0.039475 4.264934


0.000000 1.098758
0.003947 1.069666
0.007895 0.995915
0.011843 0.899570
0.015790 0.794759
0.019738 0.688843
0.023685 0.586030
0.027633 0.489685
0.031580 0.404457
0.035528 0.339958
0.039475 0.314259


0.000000 1.098758
0.003947 1.098111
0.007895 1.096249
0.011843 1.093393
0.015790 1.089867
0.019738 1.086045
0.023685 1.082310
0.027633 1.079008
0.031580 1.076431
0.035528 1.074796
0.039475 1.074235


0.000000 1.347838
0.003947 1.347975
0.007895 1.348105
0.011843 1.348153
0.015790 1.348172
0.019738 1.348182
0.023685 1.348188
0.027633 1.348192
0.031580 1.348194
0.035528 1.348195
0.039475 1.348196


0.000000 1.348895
0.003947 1.349315
0.007895 1.350791
0.011843 1.353198
0.015790 1.356198
0.019738 1.359448
0.023685 1.362615
0.027633 1.365404
0.031580 1.367575
0.035528 1.368950
0.039475 1.369420


0.000000 1.348895
0.003947 1.349219
0.007895 1.349775
0.011843 1.350211
0.015790 1.350523
0.019738 1.350759
0.023685 1.350946
0.027633 1.351092
0.031580 1.351199
0.035528 1.351265
0.039475 1.351287


0.000000 1.777578
0.003947 1.811481
0.007895 1.899980
0.011843 2.021036
0.015790 2.159900
0.019738 2.308105
0.023685 2.459623
0.027633 2.607958
0.031580 2.742884
0.035528 2.845383
0.039475 2.885676


0.000000 3.666576
0.003947 3.675750
0.007895 3.704146
0.011843 3.754111
0.015790 3.828668
0.019738 3.930369
0.023685 4.060052
0.027633 4.215671
0.031580 4.390288
0.035528 4.563236
0.039475 4.655964


0.000000 5.049343
0.003947 5.003064
0.007895 4.886233
0.011843 4.732610
0.015790 4.562382
0.019738 4.386153
0.023685 4.210926
0.027633 4.043737
0.031580 3.895141
0.035528 3.784363
0.039475 3.741299


0.000000 5.049343
0.003947 5.049334
0.007895 5.049309
0.011843 5.049269
0.015790 5.049219
0.019738 5.049163
0.023685 5.049108
0.027633 5.049058
0.031580 5.049018
0.035528 5.048993
0.039475 5.048984


0.000000 5.860125
0.003947 5.903874
0.007895 6.013107
0.011843 6.154064
0.015790 6.306591
0.019738 6.460247
0.023685 6.608489
0.027633 6.745426
0.031580 6.863182
0.035528 6.948389
0.039475 6.980888


0.000000 7.568139
0.003947 7.357056
0.007895 7.083125
0.011843 6.790213
0.015790 6.480473
0.019738 6.154958
0.023685 5.814560
0.027633 5.460184
0.031580 5.092882
0.035528 4.714468
0.039475 4.373356


0.000000 7.568139
0.003947 7.366374
0.007895 7.107476
0.011843 6.837759
0.015790 6.562086
0.019738 6.284163
0.023685 6.007773
0.027633 5.737621
0.031580 5.481556
0.035528 5.260073
0.039475 5.151242


0.000000 7.674788
0.003947 7.867020
0.007895 8.084282
0.011843 8.282369
0.015790 8.458603
0.019738 8.611286
0.023685 8.738857
0.027633 8.839857
0.031580 8.913010
0.035528 8.957322
0.039475 8.972165


0.000000 7.674788
0.003947 7.860406
0.007895 8.071029
0.011843 8.260983
0.015790 8.426799
0.019738 8.567143
0.023685 8.681674
0.027633 8.770514
0.031580 8.833870
0.035528 8.871863
0.039475 8.884528


0.000000 7.963927
0.003947 7.963923
0.007895 7.963914
0.011843 7.963898
0.015790 7.963879
0.019738 7.963858
0.023685 7.963837
0.027633 7.963818
0.031580 7.963803
0.035528 7.963793
0.039475 7.963790


0.000000 7.963927
0.003947 7.957841
0.007895 7.939652
0.011843 7.909589
0.015790 7.868119
0.019738 7.816103
0.023685 7.755136
0.027633 7.688270
0.031580 7.621631
0.035528 7.567495
0.039475 7.545419


0.000000 10.321272
0.003947 10.341300
0.007895 10.400596
0.011843 10.496686
0.015790 10.625134
0.019738 10.779270
0.023685 10.949845
0.027633 11.124126
0.031580 11.283754
0.035528 11.401916
0.039475 11.446742


0.000000 11.048877
0.003947 11.050884
0.007895 11.056879
0.011843 11.066776
0.015790 11.080404
0.019738 11.097451
0.023685 11.117355
0.027633 11.139071
0.031580 11.160574
0.035528 11.177923
0.039475 11.184964


0.000000 11.048877
0.003947 11.048881
0.007895 11.048892
0.011843 11.048909
0.015790 11.048930
0.019738 11.048954
0.023685 11.048977
0.027633 11.048999
0.031580 11.049016
0.035528 11.049027
0.039475 11.049030


0.000000 11.458479
0.003947 11.460984
0.007895 11.468423
0.011843 11.480548
0.015790 11.496840
0.019738 11.516380
0.023685 11.537695
0.027633 11.558676
0.031580 11.576681
0.035528 11.588950
0.039475 11.593316


0.000000 11.566354
0.003947 11.562456
0.007895 11.550978
0.011843 11.532561
0.015790 11.508235
0.019738 11.479374
0.023685 11.447706
0.027633 11.415417
0.031580 11.385552
0.035528 11.362847
0.039475 11.353963


0.000000 12.836668
0.003947 12.836674
0.007895 12.836695
0.011843 12.836728
0.015790 12.836773
0.019738 12.836828
0.023685 12.836890
0.027633 12.836955
0.031580 12.837017
0.035528 12.837066
0.039475 12.837085


0.000000 12.837923
0.003947 12.837917
0.007895 12.837897
0.011843 12.837864
0.015790 12.837820
0.019738 12.837766
0.023685 12.837704
0.027633 12.837640
0.031580 12.837578
0.035528 12.837530
0.039475 12.837511


0.000000 12.837923
0.003947 12.837924
0.007895 12.837924
0.011843 12.837925
0.015790 12.837926
0.019738 12.837928
0.023685 12.837929
0.027633 12.837930
0.031580 12.837931
0.035528 12.837931
0.039475 12.837931


0.000000 14.906975
0.003947 14.797534
0.007895 14.612973
0.011843 14.423612
0.015790 14.242697
0.019738 14.076548
0.023685 13.930329
0.027633 13.809069
0.031580 13.717723
0.035528 13.660754
0.039475 13.641370


0.000000 14.906975
0.003947 14.797334
0.007895 14.591561
0.011843 14.358510
0.015790 14.114232
0.019738 13.867254
0.023685 13.625567
0.027633 13.399506
0.031580 13.204944
0.035528 13.066671
0.039475 13.015286


0.000000 15.202079
0.003947 15.312454
0.007895 15.499636
0.011843 15.692805
0.015790 15.877981
0.019738 16.048026
0.023685 16.197093
0.027633 16.319831
0.031580 16.411465
0.035528 16.468138
0.039475 16.487324


0.000000 15.202080
0.003947 15.281881
0.007895 15.397944
0.011843 15.483846
0.015790 15.533280
0.019738 15.554073
0.023685 15.556898
0.027633 15.550777
0.031580 15.542205
0.035528 15.535453
0.039475 15.532940


0.000000 16.323599
0.003947 16.338965
0.007895 16.385861
0.011843 16.463642
0.015790 16.565481
0.019738 16.679171
0.023685 16.791953
0.027633 16.893365
0.031580 16.975198
0.035528 17.029957
0.039475 17.049678


0.000000 17.230926
0.003947 17.232632
0.007895 17.237426
0.011843 17.244399
0.015790 17.252234
0.019738 17.259419
0.023685 17.264444
0.027633 17.266054
0.031580 17.263781
0.035528 17.259128
0.039475 17.256505


0.000000 17.660616
0.003947 17.660614
0.007895 17.660608
0.011843 17.660598
0.015790 17.660586
0.019738 17.660573
0.023685 17.660559
0.027633 17.660547
0.031580 17.660537
0.035528 17.660531
0.039475 17.660529


0.000000 17.660616
0.003947 17.669850
0.007895 17.697283
0.011843 17.742099
0.015790 17.802904
0.019738 17.877613
0.023685 17.963151
0.027633 18.054677
0.031580 18.143738
0.035528 18.214642
0.039475 18.243209


0.000000 20.081716
0.003947 20.086427
0.007895 20.100720
0.011843 20.125060
0.015790 20.160164
0.019738 20.206892
0.023685 20.266050
0.027633 20.338075
0.031580 20.422530
0.035528 20.517040
0.039475 20.597304


0.000000 20.081716
0.003947 20.084390
0.007895 20.092168
0.011843 20.104333
0.015790 20.119744
0.019738 20.136914
0.023685 20.154141
0.027633 20.169688
0.031580 20.181992
0.035528 20.189857
0.039475 20.192558


0.000000 20.160720
0.003947 20.106156
0.007895 19.979299
0.011843 19.824171
0.015790 19.659996
0.019738 19.495216
0.023685 19.335242
0.027633 19.185720
0.031580 19.055296
0.035528 18.959628
0.039475 18.922817


0.000000 20.758333
0.003947 20.758335
0.007895 20.758340
0.011843 20.758347
0.015790 20.758356
0.019738 20.758367
0.023685 20.758377
0.027633 20.758387
0.031580 20.758394
0.035528 20.758399
0.039475 20.758401


0.000000 20.758333
0.003947 20.813487
0.007895 20.942141
0.011843 21.100357
0.015790 21.269033
0.019738 21.439858
0.023685 21.607489
0.027633 21.766128
0.031580 21.906400
0.035528 22.010637
0.039475 22.051091


0.000000 21.117863
0.003947 21.115415
0.007895 21.107716
0.011843 21.093641
0.015790 21.071120
0.019738 21.037001
0.023685 20.987375
0.027633 20.919129
0.031580 20.832673
0.035528 20.733858
0.039475 20.651492


0.000000 21.117863
0.003947 21.113390
0.007895 21.100218
0.011843 21.079183
0.015790 21.051889
0.019738 21.020779
0.023685 20.988953
0.027633 20.959777
0.031580 20.936399
0.035528 20.921321
0.039475 20.916118


0.000000 21.284321
0.003947 21.281396
0.007895 21.273023
0.011843 21.260272
0.015790 21.244580
0.019738 21.227479
0.023685 21.210482
0.027633 21.195083
0.031580 21.182732
0.035528 21.174710
0.039475 21.171926


0.000000 22.517841
0.003947 22.483695
0.007895 22.391982
0.011843 22.264790
0.015790 22.122538
0.019738 21.981180
0.023685 21.853616
0.027633 21.750001
0.031580 21.676228
0.035528 21.633217
0.039475 21.619230


0.000000 23.788251
0.003947 23.822464
0.007895 23.914942
0.011843 24.045331
0.015790 24.196218
0.019738 24.355916
0.023685 24.516347
0.027633 24.670308
0.031580 24.808139
0.035528 24.912265
0.039475 24.953374


0.000000 23.788251
0.003947 23.790575
0.007895 23.797290
0.011843 23.807659
0.015790 23.820574
0.019738 23.834701
0.023685 23.848639
0.027633 23.861056
0.031580 23.870809
0.035528 23.877025
0.039475 23.879159


0.000000 23.802968
0.003947 23.781213
0.007895 23.719551
0.011843 23.626467
0.015790 23.511295
0.019738 23.382159
0.023685 23.246107
0.027633 23.110549
0.031580 22.986029
0.035528 22.890968
0.039475 22.853530


0.000000 25.183702
0.003947 25.183701
0.007895 25.183698
0.011843 25.183693
0.015790 25.183687
0.019738 25.183680
0.023685 25.183673
0.027633 25.183667
0.031580 25.183662
0.035528 25.183659
0.039475 25.183657


0.000000 25.183702
0.003947 25.203184
0.007895 25.258035
0.011843 25.339800
0.015790 25.439223
0.019738 25.548372
0.023685 25.660649
0.027633 25.769663
0.031580 25.867203
0.035528 25.939936
0.039475 25.968157


0.000000 26.825654
0.003947 26.825201
0.007895 26.823886
0.011843 26.821834
0.015790 26.819241
0.019738 26.816357
0.023685 26.813464
0.027633 26.810845
0.031580 26.808760
0.035528 26.807419
0.039475 26.806957


0.000000 26.825654
0.003947 26.716686
0.007895 26.587918
0.011843 26.454607
0.015790 26.318042
0.019738 26.179617
0.023685 26.041414
0.027633 25.907172
0.031580 25.784535
0.035528 25.689922
0.039475 25.652046


0.000000 26.858388
0.003947 26.961411
0.007895 27.072334
0.011843 27.175914
0.015790 27.270991
0.019738 27.356639
0.023685 27.431946
0.027633 27.495824
0.031580 27.546545
0.035528 27.580798
0.039475 27.593304


0.000000 27.004247
0.003947 27.004248
0.007895 27.004250
0.011843 27.004253
0.015790 27.004257
0.019738 27.004261
0.023685 27.004266
0.027633 27.004270
0.031580 27.004273
0.035528 27.004275
0.039475 27.004276


0.000000 27.004247
0.003947 26.996026
0.007895 26.971692
0.011843 26.932214
0.015790 26.879158
0.019738 26.814693
0.023685 26.741758
0.027633 26.664634
0.031580 26.590397
0.035528 26.531814
0.039475 26.508333


0.000000 27.852047
0.003947 27.851189
0.007895 27.848573
0.011843 27.844092
0.015790 27.837582
0.019738 27.828877
0.023685 27.817907
0.027633 27.804923
0.031580 27.791005
0.035528 27.779007
0.039475 27.773948


0.000000 29.225787
0.003947 29.230541
0.007895 29.244801
0.011843 29.268531
0.015790 29.301555
0.019738 29.343373
0.023685 29.392823
0.027633 29.447429
0.031580 29.502061
0.035528 29.546473
0.039475 29.564566


0.000000 29.636248
0.003947 29.641062
0.007895 29.655213
0.011843 29.677857
0.015790 29.707682
0.019738 29.742984
0.023685 29.781688
0.027633 29.821192
0.031580 29.857838
0.035528 29.885804
0.039475 29.896778


0.000000 30.299818
0.003947 30.296907
0.007895 30.288241
0.011843 30.274028
0.015790 30.254643
0.019738 30.230682
0.023685 30.203088
0.027633 30.173417
0.031580 30.144452
0.035528 30.121363
0.039475 30.112059


0.000000 30.792621
0.003947 30.792697
0.007895 30.792918
0.011843 30.793262
0.015790 30.793695
0.019738 30.794176
0.023685 30.794657
0.027633 30.795090
0.031580 30.795434
0.035528 30.795655
0.039475 30.795731


0.000000 30.792621
0.003947 30.772118
0.007895 30.715000
0.011843 30.631274
0.015790 30.531356
0.019738 30.423700
0.023685 30.314985
0.027633 30.211348
0.031580 30.120284
0.035528 30.053493
0.039475 30.027858


0.000000 32.096699
0.003947 32.120866
0.007895 32.188948
0.011843 32.290842
0.015790 32.415925
0.019738 32.555347
0.023685 32.701636
0.027633 32.846999
0.031580 32.980319
0.035528 33.082069
0.039475 33.122168


0.000000 33.811841
0.003947 33.811852
0.007895 33.811885
0.011843 33.811940
0.015790 33.812014
0.019738 33.812105
0.023685 33.812207
0.027633 33.812316
0.031580 33.812421
0.035528 33.812503
0.039475 33.812536


0.000000 33.813925
0.003947 33.813925
0.007895 33.813924
0.011843 33.813923
0.015790 33.813921
0.019738 33.813920
0.023685 33.813918
0.027633 33.813916
0.031580 33.813915
0.035528 33.813914
0.039475 33.813914


0.000000 33.813925
0.003947 33.813913
0.007895 33.813879
0.011843 33.813823
0.015790 33.813748
0.019738 33.813656
0.023685 33.813552
0.027633 33.813442
0.031580 33.813336
0.035528 33.813253
0.039475 33.813220


0.000000 35.364326
0.003947 35.268619
0.007895 35.108725
0.011843 34.937600
0.015790 34.762955
0.019738 34.588199
0.023685 34.416762
0.027633 34.253815
0.031580 34.108854
0.035528 34.000451
0.039475 33.958187


0.000000 35.571990
0.003947 35.662893
0.007895 35.808409
0.011843 35.955703
0.015790 36.097309
0.019738 36.230288
0.023685 36.352133
0.027633 36.459602
0.031580 36.547605
0.035528 36.607900
0.039475 36.629886


0.000000 35.571990
0.003947 35.571331
0.007895 35.569424
0.011843 35.566464
0.015790 35.562755
0.019738 35.558669
0.023685 35.554609
0.027633 35.550969
0.031580 35.548095
0.035528 35.546256
0.039475 35.545624


0.000000 35.655720
0.003947 35.655720
0.007895 35.655721
0.011843 35.655722
0.015790 35.655723
0.019738 35.655724
0.023685 35.655725
0.027633 35.655726
0.031580 35.655727
0.035528 35.655727
0.039475 35.655727


0.000000 35.655720
0.003947 35.656130
0.007895 35.657346
0.011843 35.659322
0.015790 35.661985
0.019738 35.665222
0.023685 35.668879
0.027633 35.672725
0.031580 35.676396
0.035528 35.679262
0.039475 35.680403


0.000000 35.727946
0.003947 35.727565
0.007895 35.726435
0.011843 35.724591
0.015790 35.722095
0.019738 35.719042
0.023685 35.715570
0.027633 35.711891
0.031580 35.708353
0.035528 35.705571
0.039475 35.704460


0.000000 37.376621
0.003947 37.373073
0.007895 37.362441
0.011843 37.344777
0.015790 37.320248
0.019738 37.289287
0.023685 37.252880
0.027633 37.213107
0.031580 37.174145
0.035528 37.143556
0.039475 37.131520


0.000000 37.376621
0.003947 37.378102
0.007895 37.382405
0.011843 37.389120
0.015790 37.397604
0.019738 37.407040
0.023685 37.416512
0.027633 37.425089
0.031580 37.431918
0.035528 37.436313
0.039475 37.437830


0.000000 39.266084
0.003947 39.265250
0.007895 39.262556
0.011843 39.257688
0.015790 39.250766
0.019738 39.242501
0.023685 39.233883
0.027633 39.225921
0.031580 39.219510
0.035528 39.215359
0.039475 39.213923


0.000000 39.266084
0.003947 39.264577
0.007895 39.260201
0.011843 39.253381
0.015790 39.244782
0.019738 39.235240
0.023685 39.225688
0.027633 39.217063
0.031580 39.210213
0.035528 39.205812
0.039475 39.204295


0.000000 39.285528
0.003947 39.284936
0.007895 39.283487
0.011843 39.281886
0.015790 39.280624
0.019738 39.279776
0.023685 39.279235
0.027633 39.278895
0.031580 39.278688
0.035528 39.278576
0.039475 39.278541


0.000000 41.513769
0.003947 41.513776
0.007895 41.513797
0.011843 41.513831
0.015790 41.513877
0.019738 41.513933
0.023685 41.513997
0.027633 41.514064
0.031580 41.514129
0.035528 41.514179
0.039475 41.514200


0.000000 41.515063
0.003947 41.515062
0.007895 41.515062
0.011843 41.515062
0.015790 41.515062
0.019738 41.515061
0.023685 41.515061
0.027633 41.515061
0.031580 41.515061
0.035528 41.515060
0.039475 41.515060


0.000000 41.515063
0.003947 41.515055
0.007895 41.515034
0.011843 41.515000
0.015790 41.514953
0.019738 41.514897
0.023685 41.514833
0.027633 41.514765
0.031580 41.514700
0.035528 41.514649
0.039475 41.514629


0.000000 42.117826
0.003947 42.117850
0.007895 42.117920
0.011843 42.118035
0.015790 42.118189
0.019738 42.118378
0.023685 42.118592
0.027633 42.118818
0.031580 42.119034
0.035528 42.119203
0.039475 42.119271


0.000000 42.122165
0.003947 42.122165
0.007895 42.122165
0.011843 42.122166
0.015790 42.122166
0.019738 42.122166
0.023685 42.122167
0.027633 42.122167
0.031580 42.122167
0.035528 42.122168
0.039475 42.122168


0.000000 42.122165
0.003947 42.122141
0.007895 42.122071
0.011843 42.121956
0.015790 42.121802
0.019738 42.121613
0.023685 42.121399
0.027633 42.121173
0.031580 42.120957
0.035528 42.120787
0.039475 42.120720


0.000000 43.146682
0.003947 43.149104
0.007895 43.156046
0.011843 43.166559
0.015790 43.179197
0.019738 43.192268
0.023685 43.204210
0.027633 43.213934
0.031580 43.220922
0.035528 43.225070
0.039475 43.226440


0.000000 43.363297
0.003947 43.364457
0.007895 43.368013
0.011843 43.374164
0.015790 43.383107
0.019738 43.394794
0.023685 43.408594
0.027633 43.423045
0.031580 43.435966
0.035528 43.444971
0.039475 43.448206


0.000000 43.363297
0.003947 43.366833
0.007895 43.377196
0.011843 43.393649
0.015790 43.414962
0.019738 43.439424
0.023685 43.464872
0.027633 43.488787
0.031580 43.508496
0.035528 43.521525
0.039475 43.526088


0.000000 45.090301
0.003947 45.085729
0.007895 45.071165
0.011843 45.044876
0.015790 45.006688
0.019738 44.960064
0.023685 44.910987
0.027633 44.865600
0.031580 44.829103
0.035528 44.805483
0.039475 44.797310


0.000000 45.090301
0.003947 45.082682
0.007895 45.060807
0.011843 45.027335
0.015790 44.985955
0.019738 44.940788
0.023685 44.896017
0.027633 44.855698
0.031580 44.823588
0.035528 44.802858
0.039475 44.795687


0.000000 45.327271
0.003947 45.319209
0.007895 45.298601
0.011843 45.273656
0.015790 45.251779
0.019738 45.235913
0.023685 45.225456
0.027633 45.218855
0.031580 45.214867
0.035528 45.212733
0.039475 45.212062


0.000000 46.129501
0.003947 46.142834
0.007895 46.180237
0.011843 46.235657
0.015790 46.302574
0.019738 46.375574
0.023685 46.450492
0.027633 46.523920
0.031580 46.592240
0.035528 46.648802
0.039475 46.674640


0.000000 46.129501
0.003947 46.134751
0.007895 46.149650
0.011843 46.171949
0.015790 46.198673
0.019738 46.226765
0.023685 46.253484
0.027633 46.276566
0.031580 46.294275
0.035528 46.305385
0.039475 46.309169


0.000000 47.071115
0.003947 47.068191
0.007895 47.059397
0.011843 47.044680
0.015790 47.023981
0.019738 46.997288
0.023685 46.964744
0.027633 46.926875
0.031580 46.885280
0.035528 46.845269
0.039475 46.825032


0.000000 48.372779
0.003947 48.374219
0.007895 48.378544
0.011843 48.385757
0.015790 48.395857
0.019738 48.408812
0.023685 48.424532
0.027633 48.442812
0.031580 48.463169
0.035528 48.484103
0.039475 48.496899


0.000000 48.714636
0.003947 48.711802
0.007895 48.703441
0.011843 48.689963
0.015790 48.672005
0.019738 48.650383
0.023685 48.626040
0.027633 48.600018
0.031580 48.573539
0.035528 48.548685
0.039475 48.534539


0.000000 48.714636
0.003947 48.713022
0.007895 48.708346
0.011843 48.701086
0.015790 48.691976
0.019738 48.681924
0.023685 48.671919
0.027633 48.662932
0.031580 48.655825
0.035528 48.651273
0.039475 48.649707


0.000000 50.007114
0.003947 50.008289
0.007895 50.011690
0.011843 50.016960
0.015790 50.023554
0.019738 50.030807
0.023685 50.038002
0.027633 50.044446
0.031580 50.049529
0.035528 50.052779
0.039475 50.053896


0.000000 50.007114
0.003947 50.008221
0.007895 50.011434
0.011843 50.016441
0.015790 50.022771
0.019738 50.029849
0.023685 50.037057
0.027633 50.043778
0.031580 50.049396
0.035528 50.053252
0.039475 50.054655


0.000000 50.082900
0.003947 50.082841
0.007895 50.082661
0.011843 50.082350
0.015790 50.081890
0.019738 50.081258
0.023685 50.080436
0.027633 50.079427
0.031580 50.078310
0.035528 50.077329
0.039475 50.076914


0.000000 51.806143
0.003947 51.804477
0.007895 51.799744
0.011843 51.792639
0.015790 51.784087
0.019738 51.775044
0.023685 51.766389
0.027633 51.758864
0.031580 51.753060
0.035528 51.749405
0.039475 51.748157


0.000000 51.806144
0.003947 51.805954
0.007895 51.805386
0.011843 51.804450
0.015790 51.803178
0.019738 51.801640
0.023685 51.799959
0.027633 51.798312
0.031580 51.796914
0.035528 51.795972
0.039475 51.795639


0.000000 52.031311
0.003947 52.032644
0.007895 52.036409
0.011843 52.042000
0.015790 52.048635
0.019738 52.055539
0.023685 52.062043
0.027633 52.067614
0.031580 52.071860
0.035528 52.074512
0.039475 52.075413


0.000000 52.031312
0.003947 52.028147
0.007895 52.019673
0.011843 52.008092
0.015790 51.995497
0.019738 51.983395
0.023685 51.972752
0.027633 51.964142
0.031580 51.957871
0.035528 51.954078
0.039475 51.952810


0.000000 52.213161
0.003947 52.217613
0.007895 52.229940
0.011843 52.247916
0.015790 52.269370
0.019738 52.292621
0.023685 52.316343
0.027633 52.339277
0.031580 52.359798
0.035528 52.375194
0.039475 52.381223


0.000000 52.571277
0.003947 52.569915
0.007895 52.565858
0.011843 52.559194
0.015790 52.550081
0.019738 52.538773
0.023685 52.525668
0.027633 52.511445
0.031580 52.497359
0.035528 52.485905
0.039475 52.481202


0.000000 56.724160
0.003947 56.724530
0.007895 56.725630
0.011843 56.727422
0.015790 56.729842
0.019738 56.732790
0.023685 56.736115
0.027633 56.739587
0.031580 56.742837
0.035528 56.745289
0.039475 56.746231


0.000000 56.724160
0.003947 56.724042
0.007895 56.723702
0.011843 56.723173
0.015790 56.722509
0.019738 56.721776
0.023685 56.721046
0.027633 56.720390
0.031580 56.719871
0.035528 56.719539
0.039475 56.719424


0.000000 56.804042
0.003947 56.803568
0.007895 56.802167
0.011843 56.799908
0.015790 56.796906
0.019738 56.793319
0.023685 56.789361
0.027633 56.785324
0.031580 56.781630
0.035528 56.778894
0.039475 56.777855


0.000000 57.047653
0.003947 57.047760
0.007895 57.048071
0.011843 57.048551
0.015790 57.049152
0.019738 57.049810
0.023685 57.050459
0.027633 57.051036
0.031580 57.051488
0.035528 57.051775
0.039475 57.051873


0.000000 57.060258
0.003947 57.060264
0.007895 57.060281
0.011843 57.060310
0.015790 57.060349
0.019738 57.060397
0.023685 57.060451
0.027633 57.060506
0.031580 57.060553
0.035528 57.060586
0.039475 57.060598


0.000000 57.060258
0.003947 57.060380
0.007895 57.060731
0.011843 57.061274
0.015790 57.061955
0.019738 57.062702
0.023685 57.063442
0.027633 57.064105
0.031580 57.064627
0.035528 57.064960
0.039475 57.065075


0.000000 58.647347
0.003947 58.647417
0.007895 58.647624
0.011843 58.647963
0.015790 58.648420
0.019738 58.648978
0.023685 58.649609
0.027633 58.650274
0.031580 58.650905
0.035528 58.651394
0.039475 58.651585


0.000000 58.647347
0.003947 58.647339
0.007895 58.647318
0.011843 58.647285
0.015790 58.647244
0.019738 58.647197
0.023685 58.647151
0.027633 58.647110
0.031580 58.647077
0.035528 58.647055
0.039475 58.647048


0.000000 58.660756
0.003947 58.660682
0.007895 58.660462
0.011843 58.660105
0.015790 58.659624
0.019738 58.659040
0.023685 58.658383
0.027633 58.657694
0.031580 58.657044
0.035528 58.656543
0.039475 58.656347


0.000000 60.321295
0.003947 60.321371
0.007895 60.321600
0.011843 60.321972
0.015790 60.322474
0.019738 60.323086
0.023685 60.323780
0.027633 60.324512
0.031580 60.325214
0.035528 60.325764
0.039475 60.325983


0.000000 60.335338
0.003947 60.335262
0.007895 60.335034
0.011843 60.334664
0.015790 60.334164
0.019738 60.333553
0.023685 60.332861
0.027633 60.332131
0.031580 60.331430
0.035528 60.330882
0.039475 60.330663


0.000000 60.335339
0.003947 60.335339
0.007895 60.335338
0.011843 60.335338
0.015790 60.335338
0.019738 60.335338
0.023685 60.335338
0.027633 60.335338
0.031580 60.335337
0.035528 60.335337
0.039475 60.335337


0.000000 89.754418
0.003947 89.754416
0.007895 89.754412
0.011843 89.754405
0.015790 89.754396
0.019738 89.754386
0.023685 89.754377
0.027633 89.754368
0.031580 89.754361
0.035528 89.754356
0.039475 89.754355


0.000000 89.754418
0.003947 89.754460
0.007895 89.754584
0.011843 89.754787
0.015790 89.755061
0.019738 89.755396
0.023685 89.755777
0.027633 89.756179
0.031580 89.756565
0.035528 89.756866
0.039475 89.756986


0.000000 89.762433
0.003947 89.762388
0.007895 89.762253
0.011843 89.762035
0.015790 89.761740
0.019738 89.761383
0.023685 89.760980
0.027633 89.760558
0.031580 89.760156
0.035528 89.759845
0.039475 89.759722


0.000000 89.879442
0.003947 89.879485
0.007895 89.879612
0.011843 89.879817
0.015790 89.880094
0.019738 89.880432
0.023685 89.880812
0.027633 89.881210
0.031580 89.881588
0.035528 89.881880
0.039475 89.881994


0.000000 89.887260
0.003947 89.887264
0.007895 89.887275
0.011843 89.887292
0.015790 89.887314
0.019738 89.887339
0.023685 89.887363
0.027633 89.887385
0.031580 89.887402
0.035528 89.887413
0.039475 89.887417


0.000000 89.887260
0.003947 89.887218
0.007895 89.887095
0.011843 89.886894
0.015790 89.886623
0.019738 89.886292
0.023685 89.885919
0.027633 89.885526
0.031580 89.885153
0.035528 89.884865
0.039475 89.884751


0.000000 90.223486
0.003947 90.223533
0.007895 90.223673
0.011843 90.223901
0.015790 90.224209
0.019738 90.224588
0.023685 90.225021
0.027633 90.225484
0.031580 90.225935
0.035528 90.226298
0.039475 90.226446


0.000000 90.232195
0.003947 90.232189
0.007895 90.232172
0.011843 90.232144
0.015790 90.232109
0.019738 90.232071
0.023685 90.232033
0.027633 90.231998
0.031580 90.231971
0.035528 90.231953
0.039475 90.231947


0.000000 90.232196
0.003947 90.232145
0.007895 90.231995
0.011843 90.231752
0.015790 90.231423
0.019738 90.231021
0.023685 90.230566
0.027633 90.230084
0.031580 90.229617
0.035528 90.229244
0.039475 90.229092


0.000000 90.308390
0.003947 90.308394
0.007895 90.308406
0.011843 90.308424
0.015790 90.308447
0.019738 90.308473
0.023685 90.308498
0.027633 90.308521
0.031580 90.308539
0.035528 90.308551
0.039475 90.308555


0.000000 90.308391
0.003947 90.308441
0.007895 90.308590
0.011843 90.308831
0.015790 90.309157
0.019738 90.309552
0.023685 90.309999
0.027633 90.310470
0.031580 90.310922
0.035528 90.311279
0.039475 90.311423


0.000000 90.316895
0.003947 90.316850
0.007895 90.316718
0.011843 90.316503
0.015790 90.316210
0.019738 90.315851
0.023685 90.315441
0.027633 90.315002
0.031580 90.314576
0.035528 90.314236
0.039475 90.314098


