# frequency	phase_space
-3.076396e-05	0.000000e+00
5.001415e-05	0.000000e+00
6.445843e-05	0.000000e+00
5.173688e-01	2.138142e+06
1.784242e+00	6.829529e+06
1.856810e+00	6.476150e+06
2.601908e+00	7.510125e+06
2.865921e+00	1.038397e+07
3.112741e+00	1.061898e+07
3.459159e+00	1.091107e+07
3.806601e+00	1.170384e+07
4.821745e+00	1.639357e+07
5.127676e+00	2.895679e+07
5.246904e+00	2.812369e+07
5.423939e+00	1.611498e+07
5.448159e+00	1.629574e+07
5.480447e+00	1.681426e+07
5.481124e+00	1.682103e+07
6.139102e+00	2.240769e+07
6.878399e+00	2.039461e+07
7.400395e+00	2.410976e+07
7.470027e+00	2.306753e+07
7.833753e+00	2.607772e+07
8.168380e+00	3.056910e+07
8.286963e+00	3.046757e+07
8.504016e+00	2.642407e+07
8.746744e+00	3.023188e+07
8.842034e+00	3.000630e+07
9.406151e+00	2.280625e+07
9.713843e+00	2.572978e+07
1.001908e+01	2.258684e+07
1.011315e+01	2.378639e+07
1.014500e+01	2.482005e+07
1.039044e+01	2.963665e+07
1.043577e+01	3.042806e+07
1.044248e+01	2.946970e+07
1.056201e+01	3.107441e+07
1.076727e+01	2.808298e+07
1.087023e+01	2.909874e+07
1.114707e+01	3.038012e+07
1.126761e+01	3.043892e+07
1.132806e+01	2.735035e+07
1.176284e+01	2.948257e+07
1.263458e+01	3.264921e+07
1.311013e+01	3.625796e+07
1.311019e+01	3.626170e+07
1.363788e+01	3.322612e+07
1.379006e+01	3.207121e+07
1.394705e+01	3.623138e+07
1.405654e+01	3.661437e+07
1.412337e+01	3.641298e+07
1.428381e+01	3.797344e+07
1.432992e+01	3.553002e+07
1.434191e+01	3.515048e+07
1.449480e+01	3.661311e+07
1.466483e+01	3.439457e+07
1.478739e+01	3.470293e+07
1.514767e+01	3.346323e+07
1.552467e+01	3.772341e+07
1.678645e+01	3.879127e+07
1.709561e+01	4.965453e+07
1.729584e+01	4.107663e+07
1.753391e+01	4.351296e+07
1.757135e+01	3.814797e+07
1.762837e+01	3.381419e+07
1.768309e+01	3.233088e+07
1.796311e+01	3.516552e+07
1.807713e+01	3.591806e+07
1.818682e+01	4.089880e+07
1.835633e+01	4.486397e+07
1.840013e+01	4.424547e+07
1.849471e+01	5.396221e+07
1.914652e+01	3.778362e+07
1.943679e+01	3.608078e+07
1.955224e+01	4.421482e+07
1.972264e+01	3.343570e+07
1.980701e+01	3.658328e+07
1.994941e+01	3.877891e+07
2.005274e+01	4.024899e+07
2.011318e+01	3.918509e+07
2.067383e+01	3.631416e+07
2.194587e+01	3.460444e+07
2.195951e+01	3.903023e+07
2.202278e+01	4.371983e+07
2.204875e+01	4.123102e+07
2.205650e+01	4.084186e+07
2.274640e+01	4.915592e+07
2.279508e+01	5.542509e+07
2.280182e+01	5.521718e+07
2.293853e+01	4.087056e+07
2.309712e+01	3.592327e+07
2.335779e+01	4.072681e+07
2.428998e+01	3.582625e+07
2.429891e+01	3.689837e+07
2.440835e+01	5.008330e+07
2.447344e+01	4.908685e+07
2.456103e+01	4.929372e+07
2.471831e+01	4.860683e+07
2.484850e+01	4.310010e+07
2.487586e+01	4.299045e+07
2.544241e+01	6.015804e+07
2.617279e+01	4.424616e+07
2.618172e+01	4.288659e+07
2.618237e+01	4.284532e+07
2.618968e+01	4.226681e+07
2.671085e+01	3.812321e+07
2.675632e+01	3.969613e+07
2.711661e+01	3.935877e+07
2.721257e+01	4.287451e+07
2.722790e+01	4.610274e+07
2.734411e+01	4.629100e+07
2.735034e+01	5.667417e+07
2.753043e+01	3.685721e+07
2.770061e+01	4.468399e+07
2.777320e+01	5.085336e+07
2.794220e+01	4.235756e+07
2.811413e+01	3.571943e+07
2.815480e+01	3.851716e+07
2.864050e+01	4.246309e+07
2.870083e+01	3.832426e+07
2.880294e+01	4.548533e+07
2.891083e+01	6.605129e+07
2.906788e+01	4.555510e+07
2.908283e+01	4.924784e+07
3.031971e+01	5.165421e+07
3.042878e+01	5.638558e+07
3.045455e+01	5.431277e+07
3.059410e+01	5.156398e+07
3.127793e+01	5.231127e+07
3.143122e+01	3.528442e+07
3.184559e+01	4.410028e+07
3.191101e+01	4.105388e+07
3.194992e+01	3.990375e+07
3.196015e+01	3.937635e+07
3.234242e+01	4.338926e+07
3.259010e+01	4.184100e+07
3.282680e+01	4.229700e+07
3.282899e+01	3.992749e+07
3.282969e+01	3.951359e+07
3.283023e+01	3.927630e+07
3.410937e+01	3.537830e+07
3.412858e+01	3.607963e+07
3.413396e+01	5.470156e+07
3.413709e+01	3.967633e+07
3.527114e+01	3.781676e+07
3.527217e+01	3.749627e+07
3.529278e+01	3.234103e+07
3.531381e+01	3.235267e+07
3.567950e+01	4.517691e+07
3.568026e+01	4.512924e+07
3.588337e+01	3.257761e+07
3.593833e+01	3.106228e+07
3.927619e+01	3.307835e+07
3.927837e+01	3.306398e+07
3.929927e+01	3.264091e+07
3.931074e+01	3.125963e+07
4.208135e+01	2.705840e+07
4.208275e+01	2.723324e+07
4.215091e+01	4.562483e+07
4.216132e+01	3.868856e+07
4.446696e+01	4.428885e+07
4.446697e+01	4.425332e+07
4.452186e+01	2.715191e+07
4.452240e+01	2.710842e+07
4.454030e+01	2.528135e+07
4.454324e+01	2.498409e+07
4.478840e+01	2.137361e+07
4.478867e+01	2.139933e+07
4.889592e+01	2.642713e+07
4.889701e+01	2.639795e+07
4.892650e+01	2.503601e+07
4.894044e+01	2.733904e+07
4.915585e+01	2.461804e+07
4.915671e+01	2.442185e+07
4.918052e+01	2.157110e+07
4.919178e+01	2.149860e+07
5.402586e+01	2.703920e+07
5.402811e+01	2.712485e+07
5.405294e+01	2.978035e+07
5.406509e+01	3.142732e+07
5.436355e+01	2.036677e+07
5.436606e+01	2.002364e+07
5.439867e+01	1.957791e+07
5.441458e+01	1.976223e+07
5.565856e+01	2.752200e+07
5.566095e+01	2.728954e+07
5.568128e+01	2.605423e+07
5.569054e+01	2.588370e+07
5.653059e+01	2.057421e+07
5.653084e+01	2.059486e+07
5.653290e+01	2.077671e+07
5.653378e+01	2.086493e+07
5.831929e+01	2.563123e+07
5.831956e+01	2.562467e+07
5.832775e+01	2.563159e+07
5.833109e+01	2.571381e+07
6.112459e+01	1.498254e+07
6.113466e+01	1.483514e+07
6.121759e+01	1.777266e+07
6.123767e+01	1.949828e+07
6.123768e+01	1.949876e+07
6.124010e+01	1.954601e+07
6.124087e+01	1.954057e+07
6.125232e+01	3.024161e+07
6.151704e+01	1.551188e+07
6.152572e+01	1.465198e+07
6.159759e+01	1.213333e+07
6.162760e+01	1.089268e+07
9.094690e+01	9.108670e+05
9.094690e+01	9.107761e+05
9.094690e+01	9.106758e+05
9.094690e+01	9.106131e+05
9.107070e+01	6.234725e+06
9.107071e+01	6.233736e+06
9.107071e+01	6.233232e+06
9.107071e+01	6.232428e+06
9.121652e+01	1.005580e+05
9.121654e+01	1.005846e+05
9.121654e+01	1.005878e+05
9.121657e+01	1.006199e+05
9.131844e+01	2.376352e+06
9.131847e+01	2.377770e+06
9.131848e+01	2.378624e+06
9.131850e+01	2.380245e+06
1.161372e+02	6.629083e+05
1.161372e+02	6.629076e+05
1.161724e+02	6.534546e+05
1.161724e+02	6.534545e+05
8.149238e-01	7.230787e+06
1.476691e+00	1.124918e+07
1.509699e+00	1.167729e+07
1.964598e+00	1.303583e+07
2.570822e+00	1.664463e+07
3.201249e+00	2.127110e+07
3.248695e+00	2.142514e+07
3.419303e+00	2.591142e+07
3.635488e+00	2.973138e+07
3.872423e+00	2.630115e+07
4.276830e+00	3.949421e+07
4.389905e+00	3.284390e+07
4.517935e+00	2.903256e+07
4.798139e+00	4.150040e+07
5.155320e+00	3.644043e+07
5.536971e+00	3.800306e+07
5.918199e+00	3.988796e+07
6.084929e+00	4.598261e+07
6.634141e+00	4.494745e+07
6.741881e+00	4.969385e+07
6.752963e+00	4.982156e+07
7.395593e+00	4.897603e+07
7.895056e+00	5.858510e+07
8.106307e+00	5.404218e+07
8.135272e+00	6.015438e+07
8.229846e+00	4.816408e+07
8.857433e+00	5.687686e+07
9.024318e+00	6.009752e+07
9.033956e+00	5.727981e+07
9.380411e+00	6.428437e+07
9.443846e+00	5.535872e+07
9.657353e+00	5.780207e+07
9.736238e+00	5.668824e+07
1.042400e+01	5.271758e+07
1.047601e+01	5.221555e+07
1.049008e+01	5.600375e+07
1.064088e+01	5.817037e+07
1.068868e+01	6.090164e+07
1.080994e+01	7.335079e+07
1.137736e+01	5.844182e+07
1.138220e+01	5.862205e+07
1.184319e+01	7.674034e+07
1.228562e+01	7.813798e+07
1.273761e+01	7.561976e+07
1.279869e+01	7.376421e+07
1.292854e+01	6.474159e+07
1.334979e+01	7.177110e+07
1.360918e+01	6.643364e+07
1.384829e+01	1.203657e+08
1.398393e+01	6.763840e+07
1.409040e+01	6.483194e+07
1.432241e+01	6.216175e+07
1.436814e+01	6.101543e+07
1.471613e+01	7.464309e+07
1.472179e+01	6.886746e+07
1.472216e+01	6.881924e+07
1.492456e+01	6.471632e+07
1.537430e+01	7.183215e+07
1.567844e+01	8.373842e+07
1.598612e+01	8.935687e+07
1.653537e+01	8.192358e+07
1.663072e+01	7.871580e+07
1.701852e+01	8.297940e+07
1.706696e+01	7.705353e+07
1.727463e+01	7.805073e+07
1.738597e+01	8.192435e+07
1.752540e+01	8.681023e+07
1.788684e+01	7.848331e+07
1.822565e+01	8.542500e+07
1.835576e+01	8.350379e+07
1.884405e+01	8.767268e+07
1.915355e+01	6.872366e+07
1.934246e+01	7.797938e+07
1.955047e+01	7.739102e+07
1.958031e+01	8.061927e+07
2.001921e+01	8.444602e+07
2.004328e+01	8.811052e+07
2.008237e+01	9.542748e+07
2.058914e+01	9.301725e+07
2.059987e+01	9.109572e+07
2.066778e+01	8.157809e+07
2.180180e+01	8.123316e+07
2.209499e+01	7.462876e+07
2.213734e+01	7.381471e+07
2.255400e+01	8.943341e+07
2.270987e+01	8.438582e+07
2.273798e+01	8.667800e+07
2.287956e+01	8.872044e+07
2.294107e+01	7.327970e+07
2.338792e+01	7.943254e+07
2.348318e+01	8.947228e+07
2.352057e+01	7.912402e+07
2.391918e+01	8.019261e+07
2.427591e+01	1.004763e+08
2.429555e+01	8.118039e+07
2.442416e+01	9.041600e+07
2.448031e+01	9.127619e+07
2.451306e+01	9.069050e+07
2.469488e+01	9.669012e+07
2.487704e+01	8.860044e+07
2.604812e+01	9.564984e+07
2.620627e+01	8.632458e+07
2.620676e+01	8.650550e+07
2.621413e+01	9.054507e+07
2.622152e+01	9.295319e+07
2.624949e+01	9.787308e+07
2.676546e+01	8.772932e+07
2.680190e+01	8.121365e+07
2.683895e+01	9.030152e+07
2.713796e+01	8.367548e+07
2.715646e+01	7.784985e+07
2.725765e+01	7.775930e+07
2.751299e+01	1.095716e+08
2.764886e+01	9.806007e+07
2.786562e+01	7.896535e+07
2.793772e+01	8.597443e+07
2.798086e+01	8.784347e+07
2.818169e+01	8.715842e+07
2.863330e+01	8.804852e+07
2.868760e+01	8.142529e+07
2.882270e+01	1.009447e+08
2.886918e+01	8.164049e+07
2.895131e+01	7.721413e+07
2.900524e+01	8.345019e+07
3.043986e+01	1.185094e+08
3.058706e+01	9.123257e+07
3.076812e+01	8.546799e+07
3.095567e+01	1.251404e+08
3.111611e+01	7.531543e+07
3.127342e+01	7.989960e+07
3.185956e+01	7.002857e+07
3.191342e+01	7.541698e+07
3.193696e+01	8.208498e+07
3.194023e+01	8.898085e+07
3.209222e+01	7.856592e+07
3.233478e+01	1.517821e+08
3.284696e+01	6.985752e+07
3.284902e+01	7.385315e+07
3.284921e+01	7.432364e+07
3.284992e+01	7.619270e+07
3.410350e+01	9.043190e+07
3.412021e+01	8.745036e+07
3.412109e+01	9.212470e+07
3.412612e+01	8.087048e+07
3.517543e+01	7.088120e+07
3.517803e+01	7.327244e+07
3.519184e+01	9.593104e+07
3.520936e+01	8.314058e+07
3.570852e+01	9.044734e+07
3.571052e+01	9.221298e+07
3.585284e+01	6.158609e+07
3.589247e+01	8.084081e+07
3.929028e+01	7.150843e+07
3.929448e+01	6.773026e+07
3.930674e+01	7.075883e+07
3.931743e+01	7.753053e+07
4.208782e+01	5.841775e+07
4.209215e+01	6.003752e+07
4.213671e+01	6.043498e+07
4.214771e+01	6.223779e+07
4.447585e+01	5.724762e+07
4.447891e+01	5.822436e+07
4.448220e+01	5.835083e+07
4.449723e+01	6.940555e+07
4.451690e+01	6.059191e+07
4.453482e+01	4.700799e+07
4.474386e+01	4.417131e+07
4.474575e+01	4.337465e+07
4.893068e+01	5.412866e+07
4.893341e+01	5.142837e+07
4.895262e+01	5.397130e+07
4.896441e+01	4.906210e+07
4.922423e+01	4.863112e+07
4.922646e+01	5.088115e+07
4.924193e+01	4.400044e+07
4.925152e+01	5.071454e+07
5.400993e+01	4.466296e+07
5.401355e+01	4.638229e+07
5.402927e+01	5.338972e+07
5.403988e+01	5.051145e+07
5.435068e+01	3.153178e+07
5.435509e+01	3.058859e+07
5.437569e+01	5.297124e+07
5.438960e+01	5.865785e+07
5.568074e+01	8.060996e+07
5.568406e+01	7.807457e+07
5.569683e+01	5.170973e+07
5.570495e+01	6.013873e+07
5.658373e+01	4.717623e+07
5.658406e+01	4.741318e+07
5.658536e+01	4.830990e+07
5.658611e+01	4.882146e+07
5.830133e+01	4.078067e+07
5.830204e+01	4.034536e+07
5.830741e+01	3.748086e+07
5.831032e+01	3.617967e+07
6.113879e+01	2.644836e+07
6.115220e+01	2.484579e+07
6.120457e+01	2.832104e+07
6.120887e+01	2.885185e+07
6.120922e+01	2.890483e+07
6.121093e+01	2.929157e+07
6.121155e+01	2.948663e+07
6.123572e+01	4.285618e+07
6.153000e+01	3.763335e+07
6.154160e+01	3.795439e+07
6.158694e+01	2.799674e+07
6.161362e+01	2.232229e+07
9.099529e+01	2.945393e+06
9.099529e+01	2.944902e+06
9.099530e+01	2.942828e+06
9.099530e+01	2.940467e+06
9.100666e+01	1.883973e+06
9.100667e+01	1.883895e+06
9.100667e+01	1.883817e+06
9.100667e+01	1.883811e+06
9.127116e+01	1.483060e+06
9.127118e+01	1.484043e+06
9.127119e+01	1.484557e+06
9.127121e+01	1.485570e+06
9.127947e+01	4.454424e+06
9.127948e+01	4.464775e+06
9.127949e+01	4.475704e+06
9.127950e+01	4.484459e+06
1.161424e+02	2.875950e+06
1.161424e+02	2.875925e+06
1.161672e+02	2.208248e+06
1.161672e+02	2.208237e+06
1.265928e+00	7.164254e+06
1.265928e+00	7.164254e+06
2.406576e+00	7.839196e+06
2.406576e+00	7.839196e+06
3.442516e+00	1.044540e+07
3.442516e+00	1.044540e+07
4.136868e+00	1.449224e+07
4.136868e+00	1.449224e+07
4.146881e+00	1.434589e+07
4.146881e+00	1.434589e+07
4.497196e+00	1.769322e+07
4.497196e+00	1.769322e+07
4.884766e+00	1.908305e+07
4.884766e+00	1.908305e+07
4.928120e+00	2.108295e+07
4.928120e+00	2.108295e+07
6.062714e+00	1.826194e+07
6.062714e+00	1.826194e+07
6.186870e+00	2.772557e+07
6.186870e+00	2.772557e+07
7.363357e+00	2.475757e+07
7.363357e+00	2.475757e+07
8.087275e+00	2.655043e+07
8.087275e+00	2.655043e+07
8.263790e+00	2.274421e+07
8.263790e+00	2.274421e+07
8.746736e+00	2.553360e+07
8.746736e+00	2.553360e+07
8.766381e+00	2.592988e+07
8.766381e+00	2.592989e+07
9.563218e+00	2.638197e+07
9.563218e+00	2.638197e+07
1.000317e+01	2.563124e+07
1.000317e+01	2.563124e+07
1.058781e+01	3.041527e+07
1.058781e+01	3.041527e+07
1.063402e+01	3.068137e+07
1.063402e+01	3.068137e+07
1.131560e+01	2.619904e+07
1.131560e+01	2.619904e+07
1.147502e+01	3.346017e+07
1.147502e+01	3.346014e+07
1.232813e+01	3.580325e+07
1.232813e+01	3.580325e+07
1.311934e+01	3.387741e+07
1.311934e+01	3.387741e+07
1.322654e+01	4.067858e+07
1.322654e+01	4.067858e+07
1.353838e+01	3.309180e+07
1.353838e+01	3.309180e+07
1.408177e+01	3.506758e+07
1.408177e+01	3.506758e+07
1.456052e+01	4.636138e+07
1.456052e+01	4.636138e+07
1.498790e+01	3.759945e+07
1.498790e+01	3.759945e+07
1.520615e+01	3.102894e+07
1.520615e+01	3.102894e+07
1.552096e+01	3.507179e+07
1.552096e+01	3.507179e+07
1.664966e+01	3.698891e+07
1.664966e+01	3.698891e+07
1.667113e+01	3.718673e+07
1.667113e+01	3.718673e+07
1.701804e+01	3.816082e+07
1.701804e+01	3.816082e+07
1.774429e+01	3.344226e+07
1.774429e+01	3.344226e+07
1.811800e+01	3.851979e+07
1.811800e+01	3.851979e+07
1.922358e+01	3.575992e+07
1.922358e+01	3.575992e+07
1.923499e+01	3.565764e+07
1.923499e+01	3.565764e+07
2.004837e+01	3.544576e+07
2.004837e+01	3.544576e+07
2.039197e+01	4.468385e+07
2.039197e+01	4.468385e+07
2.112462e+01	4.419071e+07
2.112462e+01	4.419071e+07
2.154881e+01	5.110754e+07
2.154881e+01	5.110754e+07
2.239314e+01	3.685943e+07
2.239314e+01	3.685943e+07
2.243042e+01	3.860815e+07
2.243042e+01	3.860815e+07
2.246896e+01	3.643338e+07
2.246896e+01	3.643338e+07
2.323295e+01	4.339493e+07
2.323295e+01	4.339493e+07
2.362262e+01	4.232435e+07
2.362262e+01	4.232435e+07
2.427619e+01	3.725948e+07
2.427619e+01	3.725948e+07
2.433745e+01	4.772796e+07
2.433745e+01	4.772796e+07
2.517575e+01	4.683112e+07
2.517575e+01	4.683112e+07
2.524755e+01	4.179698e+07
2.524755e+01	4.179698e+07
2.553290e+01	4.607495e+07
2.553290e+01	4.607495e+07
2.621924e+01	4.564279e+07
2.621924e+01	4.564279e+07
2.623622e+01	4.545484e+07
2.623622e+01	4.545484e+07
2.628487e+01	4.710182e+07
2.628487e+01	4.710182e+07
2.689645e+01	3.820098e+07
2.689645e+01	3.820098e+07
2.698605e+01	4.236419e+07
2.698605e+01	4.236419e+07
2.763423e+01	3.894788e+07
2.763423e+01	3.894788e+07
2.763693e+01	3.879280e+07
2.763693e+01	3.879280e+07
2.845495e+01	4.631706e+07
2.845495e+01	4.631706e+07
2.856272e+01	5.006692e+07
2.856272e+01	5.006692e+07
2.877765e+01	4.199026e+07
2.877765e+01	4.199026e+07
2.889210e+01	4.426520e+07
2.889210e+01	4.426520e+07
3.075691e+01	3.711363e+07
3.075691e+01	3.711363e+07
3.091667e+01	3.237992e+07
3.091667e+01	3.237992e+07
3.146532e+01	3.291514e+07
3.146532e+01	3.291514e+07
3.167760e+01	3.602444e+07
3.167760e+01	3.602444e+07
3.189703e+01	3.528179e+07
3.189703e+01	3.528179e+07
3.192990e+01	3.471246e+07
3.192990e+01	3.471246e+07
3.286809e+01	3.863321e+07
3.286809e+01	3.863321e+07
3.286949e+01	3.825822e+07
3.286949e+01	3.825822e+07
3.410267e+01	3.797107e+07
3.410267e+01	3.797107e+07
3.411328e+01	4.781136e+07
3.411328e+01	4.781136e+07
3.508490e+01	3.591173e+07
3.508490e+01	3.591173e+07
3.509374e+01	3.610762e+07
3.509374e+01	3.610762e+07
3.577995e+01	4.118688e+07
3.577995e+01	4.118688e+07
3.579375e+01	4.128437e+07
3.579375e+01	4.128437e+07
3.930937e+01	3.118289e+07
3.930937e+01	3.118289e+07
3.931744e+01	3.096772e+07
3.931744e+01	3.096772e+07
4.210842e+01	3.107904e+07
4.210842e+01	3.107904e+07
4.211783e+01	3.028561e+07
4.211783e+01	3.028561e+07
4.443800e+01	3.145469e+07
4.443800e+01	3.145469e+07
4.444714e+01	3.508532e+07
4.444714e+01	3.508532e+07
4.463305e+01	2.384505e+07
4.463305e+01	2.384506e+07
4.463894e+01	2.541657e+07
4.463894e+01	2.541657e+07
4.897147e+01	2.552575e+07
4.897147e+01	2.552575e+07
4.897848e+01	2.487065e+07
4.897848e+01	2.487065e+07
4.929782e+01	2.088896e+07
4.929782e+01	2.088896e+07
4.930359e+01	2.046118e+07
4.930359e+01	2.046118e+07
5.399968e+01	2.641242e+07
5.399968e+01	2.641242e+07
5.400671e+01	3.132107e+07
5.400671e+01	3.132107e+07
5.434590e+01	1.812991e+07
5.434590e+01	1.812991e+07
5.435502e+01	1.782794e+07
5.435502e+01	1.782794e+07
5.570770e+01	2.701241e+07
5.570770e+01	2.701241e+07
5.571332e+01	2.706571e+07
5.571332e+01	2.706571e+07
5.663722e+01	2.964001e+07
5.663722e+01	2.964001e+07
5.663774e+01	2.972512e+07
5.663774e+01	2.972512e+07
5.828496e+01	3.050587e+07
5.828496e+01	3.050587e+07
5.828678e+01	3.028542e+07
5.828678e+01	3.028542e+07
6.117209e+01	1.508073e+07
6.117209e+01	1.508073e+07
6.117982e+01	1.514286e+07
6.117982e+01	1.514286e+07
6.118116e+01	1.517333e+07
6.118116e+01	1.517333e+07
6.119501e+01	1.551479e+07
6.119501e+01	1.551479e+07
6.155963e+01	1.398146e+07
6.155963e+01	1.398146e+07
6.157856e+01	1.413347e+07
6.157856e+01	1.413347e+07
9.096392e+01	9.174692e+05
9.096392e+01	9.174692e+05
9.096392e+01	9.174178e+05
9.096392e+01	9.174178e+05
9.107426e+01	4.268897e+06
9.107426e+01	4.268897e+06
9.107427e+01	4.268164e+06
9.107427e+01	4.268164e+06
9.119331e+01	8.668405e+05
9.119331e+01	8.668405e+05
9.119333e+01	8.646777e+05
9.119333e+01	8.646777e+05
9.132112e+01	3.003538e+06
9.132112e+01	3.003538e+06
9.132114e+01	3.005232e+06
9.132114e+01	3.005232e+06
1.161548e+02	6.467605e+05
1.161548e+02	6.467605e+05
1.161548e+02	6.467605e+05
1.161548e+02	6.467605e+05
8.149238e-01	7.230787e+06
1.476691e+00	1.124918e+07
1.509699e+00	1.167729e+07
1.964598e+00	1.303583e+07
2.570822e+00	1.664463e+07
3.201249e+00	2.127110e+07
3.248695e+00	2.142514e+07
3.419303e+00	2.591142e+07
3.635488e+00	2.973138e+07
3.872423e+00	2.630115e+07
4.276830e+00	3.949421e+07
4.389905e+00	3.284390e+07
4.517935e+00	2.903256e+07
4.798139e+00	4.150040e+07
5.155320e+00	3.644043e+07
5.536971e+00	3.800306e+07
5.918199e+00	3.988796e+07
6.084929e+00	4.598261e+07
6.634141e+00	4.494745e+07
6.741881e+00	4.969385e+07
6.752963e+00	4.982156e+07
7.395593e+00	4.897603e+07
7.895056e+00	5.858510e+07
8.106307e+00	5.404218e+07
8.135272e+00	6.015438e+07
8.229846e+00	4.816408e+07
8.857433e+00	5.687686e+07
9.024318e+00	6.009752e+07
9.033956e+00	5.727981e+07
9.380411e+00	6.428437e+07
9.443846e+00	5.535872e+07
9.657353e+00	5.780207e+07
9.736238e+00	5.668824e+07
1.042400e+01	5.271758e+07
1.047601e+01	5.221555e+07
1.049008e+01	5.600375e+07
1.064088e+01	5.817037e+07
1.068868e+01	6.090164e+07
1.080994e+01	7.335079e+07
1.137736e+01	5.844182e+07
1.138220e+01	5.862205e+07
1.184319e+01	7.674034e+07
1.228562e+01	7.813798e+07
1.273761e+01	7.561976e+07
1.279869e+01	7.376421e+07
1.292854e+01	6.474159e+07
1.334979e+01	7.177110e+07
1.360918e+01	6.643364e+07
1.384829e+01	1.203657e+08
1.398393e+01	6.763840e+07
1.409040e+01	6.483194e+07
1.432241e+01	6.216175e+07
1.436814e+01	6.101543e+07
1.471613e+01	7.464309e+07
1.472179e+01	6.886746e+07
1.472216e+01	6.881924e+07
1.492456e+01	6.471632e+07
1.537430e+01	7.183215e+07
1.567844e+01	8.373842e+07
1.598612e+01	8.935687e+07
1.653537e+01	8.192358e+07
1.663072e+01	7.871580e+07
1.701852e+01	8.297940e+07
1.706696e+01	7.705353e+07
1.727463e+01	7.805073e+07
1.738597e+01	8.192435e+07
1.752540e+01	8.681023e+07
1.788684e+01	7.848331e+07
1.822565e+01	8.542500e+07
1.835576e+01	8.350379e+07
1.884405e+01	8.767268e+07
1.915355e+01	6.872366e+07
1.934246e+01	7.797938e+07
1.955047e+01	7.739102e+07
1.958031e+01	8.061927e+07
2.001921e+01	8.444602e+07
2.004328e+01	8.811052e+07
2.008237e+01	9.542748e+07
2.058914e+01	9.301725e+07
2.059987e+01	9.109572e+07
2.066778e+01	8.157809e+07
2.180180e+01	8.123316e+07
2.209499e+01	7.462876e+07
2.213734e+01	7.381471e+07
2.255400e+01	8.943341e+07
2.270987e+01	8.438582e+07
2.273798e+01	8.667800e+07
2.287956e+01	8.872044e+07
2.294107e+01	7.327970e+07
2.338792e+01	7.943254e+07
2.348318e+01	8.947228e+07
2.352057e+01	7.912402e+07
2.391918e+01	8.019261e+07
2.427591e+01	1.004763e+08
2.429555e+01	8.118039e+07
2.442416e+01	9.041600e+07
2.448031e+01	9.127619e+07
2.451306e+01	9.069050e+07
2.469488e+01	9.669012e+07
2.487704e+01	8.860044e+07
2.604812e+01	9.564984e+07
2.620627e+01	8.632458e+07
2.620676e+01	8.650550e+07
2.621413e+01	9.054507e+07
2.622152e+01	9.295319e+07
2.624949e+01	9.787308e+07
2.676546e+01	8.772932e+07
2.680190e+01	8.121365e+07
2.683895e+01	9.030152e+07
2.713796e+01	8.367548e+07
2.715646e+01	7.784985e+07
2.725765e+01	7.775930e+07
2.751299e+01	1.095716e+08
2.764886e+01	9.806007e+07
2.786562e+01	7.896535e+07
2.793772e+01	8.597443e+07
2.798086e+01	8.784347e+07
2.818169e+01	8.715842e+07
2.863330e+01	8.804852e+07
2.868760e+01	8.142529e+07
2.882270e+01	1.009447e+08
2.886918e+01	8.164049e+07
2.895131e+01	7.721413e+07
2.900524e+01	8.345019e+07
3.043986e+01	1.185094e+08
3.058706e+01	9.123257e+07
3.076812e+01	8.546799e+07
3.095567e+01	1.251404e+08
3.111611e+01	7.531543e+07
3.127342e+01	7.989960e+07
3.185956e+01	7.002857e+07
3.191342e+01	7.541698e+07
3.193696e+01	8.208498e+07
3.194023e+01	8.898085e+07
3.209222e+01	7.856592e+07
3.233478e+01	1.517821e+08
3.284696e+01	6.985752e+07
3.284902e+01	7.385315e+07
3.284921e+01	7.432364e+07
3.284992e+01	7.619270e+07
3.410350e+01	9.043190e+07
3.412021e+01	8.745036e+07
3.412109e+01	9.212470e+07
3.412612e+01	8.087048e+07
3.517543e+01	7.088120e+07
3.517803e+01	7.327244e+07
3.519184e+01	9.593104e+07
3.520936e+01	8.314058e+07
3.570852e+01	9.044734e+07
3.571052e+01	9.221298e+07
3.585284e+01	6.158609e+07
3.589247e+01	8.084081e+07
3.929028e+01	7.150843e+07
3.929448e+01	6.773026e+07
3.930674e+01	7.075883e+07
3.931743e+01	7.753053e+07
4.208782e+01	5.841775e+07
4.209215e+01	6.003752e+07
4.213671e+01	6.043498e+07
4.214771e+01	6.223779e+07
4.447585e+01	5.724762e+07
4.447891e+01	5.822436e+07
4.448220e+01	5.835083e+07
4.449723e+01	6.940555e+07
4.451690e+01	6.059191e+07
4.453482e+01	4.700799e+07
4.474386e+01	4.417131e+07
4.474575e+01	4.337465e+07
4.893068e+01	5.412866e+07
4.893341e+01	5.142837e+07
4.895262e+01	5.397130e+07
4.896441e+01	4.906210e+07
4.922423e+01	4.863112e+07
4.922646e+01	5.088115e+07
4.924193e+01	4.400044e+07
4.925152e+01	5.071454e+07
5.400993e+01	4.466296e+07
5.401355e+01	4.638229e+07
5.402927e+01	5.338972e+07
5.403988e+01	5.051145e+07
5.435068e+01	3.153178e+07
5.435509e+01	3.058859e+07
5.437569e+01	5.297124e+07
5.438960e+01	5.865785e+07
5.568074e+01	8.060996e+07
5.568406e+01	7.807457e+07
5.569683e+01	5.170973e+07
5.570495e+01	6.013873e+07
5.658373e+01	4.717623e+07
5.658406e+01	4.741318e+07
5.658536e+01	4.830990e+07
5.658611e+01	4.882146e+07
5.830133e+01	4.078067e+07
5.830204e+01	4.034536e+07
5.830741e+01	3.748086e+07
5.831032e+01	3.617967e+07
6.113879e+01	2.644836e+07
6.115220e+01	2.484579e+07
6.120457e+01	2.832104e+07
6.120887e+01	2.885185e+07
6.120922e+01	2.890483e+07
6.121093e+01	2.929157e+07
6.121155e+01	2.948663e+07
6.123572e+01	4.285618e+07
6.153000e+01	3.763335e+07
6.154160e+01	3.795439e+07
6.158694e+01	2.799674e+07
6.161362e+01	2.232229e+07
9.099529e+01	2.945393e+06
9.099529e+01	2.944902e+06
9.099530e+01	2.942828e+06
9.099530e+01	2.940467e+06
9.100666e+01	1.883973e+06
9.100667e+01	1.883895e+06
9.100667e+01	1.883817e+06
9.100667e+01	1.883811e+06
9.127116e+01	1.483060e+06
9.127118e+01	1.484043e+06
9.127119e+01	1.484557e+06
9.127121e+01	1.485570e+06
9.127947e+01	4.454424e+06
9.127948e+01	4.464775e+06
9.127949e+01	4.475704e+06
9.127950e+01	4.484459e+06
1.161424e+02	2.875950e+06
1.161424e+02	2.875925e+06
1.161672e+02	2.208248e+06
1.161672e+02	2.208237e+06
1.308351e+00	6.928532e+06
1.308351e+00	6.928532e+06
1.361219e+00	5.401145e+06
1.361219e+00	5.401145e+06
2.108427e+00	6.968495e+06
2.108427e+00	6.968495e+06
3.225551e+00	1.126871e+07
3.225551e+00	1.126871e+07
3.290012e+00	1.041859e+07
3.290012e+00	1.041859e+07
3.580347e+00	1.106984e+07
3.580347e+00	1.106984e+07
4.865660e+00	1.635176e+07
4.865660e+00	1.635176e+07
4.932313e+00	1.629422e+07
4.932313e+00	1.629422e+07
5.565411e+00	1.611477e+07
5.565411e+00	1.611477e+07
6.397097e+00	2.265067e+07
6.397097e+00	2.265067e+07
7.777044e+00	2.202394e+07
7.777044e+00	2.202394e+07
7.809325e+00	2.306987e+07
7.809325e+00	2.306987e+07
8.834957e+00	3.483296e+07
8.834957e+00	3.483296e+07
9.254940e+00	2.531567e+07
9.254940e+00	2.531567e+07
9.504363e+00	2.878589e+07
9.504363e+00	2.878589e+07
9.579264e+00	2.722859e+07
9.579264e+00	2.722859e+07
1.007311e+01	2.886478e+07
1.007311e+01	2.886484e+07
1.019955e+01	2.674154e+07
1.019955e+01	2.674154e+07
1.104324e+01	3.873812e+07
1.104324e+01	3.873812e+07
1.113783e+01	3.013171e+07
1.113783e+01	3.013171e+07
1.145198e+01	2.630651e+07
1.145198e+01	2.630651e+07
1.219322e+01	3.373150e+07
1.219322e+01	3.373150e+07
1.305963e+01	3.313923e+07
1.305963e+01	3.313923e+07
1.351929e+01	3.827449e+07
1.351929e+01	3.827449e+07
1.366017e+01	3.258494e+07
1.366017e+01	3.258494e+07
1.427650e+01	6.260041e+07
1.427650e+01	6.260028e+07
1.443216e+01	3.490636e+07
1.443216e+01	3.490636e+07
1.476209e+01	2.746368e+07
1.476209e+01	2.746368e+07
1.514201e+01	3.678004e+07
1.514201e+01	3.678004e+07
1.589971e+01	3.606126e+07
1.589971e+01	3.606126e+07
1.702837e+01	3.895928e+07
1.702837e+01	3.895928e+07
1.716586e+01	4.527258e+07
1.716586e+01	4.527258e+07
1.777457e+01	3.860035e+07
1.777457e+01	3.860035e+07
1.823993e+01	3.514599e+07
1.823993e+01	3.514599e+07
1.838385e+01	4.282090e+07
1.838385e+01	4.282090e+07
1.906194e+01	3.191951e+07
1.906194e+01	3.191951e+07
1.935313e+01	4.146914e+07
1.935313e+01	4.146914e+07
1.945713e+01	3.976979e+07
1.945713e+01	3.976979e+07
1.963325e+01	3.583715e+07
1.963325e+01	3.583715e+07
2.010534e+01	3.985985e+07
2.010534e+01	3.985985e+07
2.114053e+01	4.335267e+07
2.114053e+01	4.335267e+07
2.198425e+01	3.837161e+07
2.198425e+01	3.837161e+07
2.204083e+01	4.050406e+07
2.204083e+01	4.050406e+07
2.292901e+01	4.323489e+07
2.292901e+01	4.323489e+07
2.323879e+01	4.040509e+07
2.323879e+01	4.040509e+07
2.330384e+01	4.258395e+07
2.330384e+01	4.258395e+07
2.330771e+01	4.877536e+07
2.330771e+01	4.877537e+07
2.440871e+01	5.259623e+07
2.440871e+01	5.259624e+07
2.454849e+01	4.496068e+07
2.454849e+01	4.496068e+07
2.604494e+01	5.024309e+07
2.604494e+01	5.024309e+07
2.607441e+01	5.219966e+07
2.607441e+01	5.219966e+07
2.614661e+01	5.110987e+07
2.614661e+01	5.110987e+07
2.618268e+01	4.423391e+07
2.618268e+01	4.423390e+07
2.630228e+01	4.210496e+07
2.630228e+01	4.210496e+07
2.701050e+01	4.129114e+07
2.701050e+01	4.129114e+07
2.744437e+01	3.928080e+07
2.744437e+01	3.928080e+07
2.771530e+01	4.700682e+07
2.771530e+01	4.700682e+07
2.777180e+01	4.487521e+07
2.777180e+01	4.487521e+07
2.844414e+01	4.396914e+07
2.844414e+01	4.396914e+07
2.876889e+01	4.296525e+07
2.876889e+01	4.296525e+07
2.878274e+01	5.030459e+07
2.878274e+01	5.030458e+07
2.896294e+01	4.318631e+07
2.896294e+01	4.318631e+07
3.038422e+01	5.153276e+07
3.038422e+01	5.153276e+07
3.051137e+01	5.109673e+07
3.051137e+01	5.109673e+07
3.135745e+01	3.960532e+07
3.135745e+01	3.960532e+07
3.190287e+01	3.976558e+07
3.190287e+01	3.976558e+07
3.192681e+01	4.033094e+07
3.192681e+01	4.033094e+07
3.246784e+01	4.224299e+07
3.246784e+01	4.224299e+07
3.282825e+01	3.712406e+07
3.282825e+01	3.712406e+07
3.282961e+01	3.727423e+07
3.282961e+01	3.727423e+07
3.412191e+01	5.350808e+07
3.412191e+01	5.350809e+07
3.413286e+01	4.261306e+07
3.413286e+01	4.261306e+07
3.527998e+01	3.484066e+07
3.527998e+01	3.484066e+07
3.528777e+01	3.229484e+07
3.528777e+01	3.229484e+07
3.578445e+01	4.283959e+07
3.578445e+01	4.283959e+07
3.581729e+01	4.246778e+07
3.581729e+01	4.246778e+07
3.928775e+01	2.870347e+07
3.928775e+01	2.870347e+07
3.929460e+01	2.855033e+07
3.929460e+01	2.855033e+07
4.211626e+01	2.984499e+07
4.211626e+01	2.984499e+07
4.212217e+01	3.096818e+07
4.212217e+01	3.096818e+07
4.446696e+01	3.168664e+07
4.446696e+01	3.168664e+07
4.453117e+01	2.512038e+07
4.453117e+01	2.512038e+07
4.453294e+01	2.492357e+07
4.453294e+01	2.492357e+07
4.478854e+01	2.229360e+07
4.478854e+01	2.229360e+07
4.891046e+01	2.484199e+07
4.891046e+01	2.484199e+07
4.891720e+01	2.486245e+07
4.891720e+01	2.486245e+07
4.916893e+01	2.322077e+07
4.916893e+01	2.322077e+07
4.917576e+01	2.173807e+07
4.917576e+01	2.173807e+07
5.403872e+01	2.643558e+07
5.403872e+01	2.643558e+07
5.404532e+01	2.690269e+07
5.404532e+01	2.690269e+07
5.438179e+01	1.910268e+07
5.438179e+01	1.910268e+07
5.439160e+01	1.909538e+07
5.439160e+01	1.909538e+07
5.566989e+01	2.766035e+07
5.566989e+01	2.766035e+07
5.567570e+01	2.729207e+07
5.567570e+01	2.729207e+07
5.653176e+01	2.074154e+07
5.653176e+01	2.074154e+07
5.653234e+01	2.069939e+07
5.653234e+01	2.069939e+07
5.832352e+01	2.524147e+07
5.832352e+01	2.524147e+07
5.832533e+01	2.524245e+07
5.832533e+01	2.524245e+07
6.116637e+01	1.515809e+07
6.116637e+01	1.515809e+07
6.118593e+01	1.568792e+07
6.118593e+01	1.568792e+07
6.123889e+01	1.891521e+07
6.123889e+01	1.891521e+07
6.123927e+01	1.892677e+07
6.123927e+01	1.892677e+07
6.156205e+01	1.363583e+07
6.156205e+01	1.363583e+07
6.158424e+01	1.317920e+07
6.158424e+01	1.317920e+07
9.094690e+01	9.217541e+05
9.094690e+01	9.217541e+05
9.094690e+01	9.217400e+05
9.094690e+01	9.217400e+05
9.107071e+01	4.793839e+06
9.107071e+01	4.793839e+06
9.107071e+01	4.793904e+06
9.107071e+01	4.793904e+06
9.121653e+01	8.865447e+04
9.121653e+01	8.865447e+04
9.121656e+01	8.866214e+04
9.121656e+01	8.866214e+04
9.131846e+01	2.345221e+06
9.131846e+01	2.345221e+06
9.131848e+01	2.346388e+06
9.131848e+01	2.346388e+06
1.161372e+02	6.629069e+05
1.161372e+02	6.629069e+05
1.161724e+02	6.534550e+05
1.161724e+02	6.534550e+05
1.589182e+00	1.141838e+07
1.589182e+00	1.141839e+07
2.145798e+00	1.859280e+07
2.145798e+00	1.859280e+07
2.843673e+00	2.611277e+07
2.843673e+00	2.611277e+07
3.184671e+00	2.328474e+07
3.184671e+00	2.328474e+07
3.515136e+00	2.997334e+07
3.515136e+00	2.997334e+07
4.003139e+00	3.286897e+07
4.003139e+00	3.286897e+07
4.949501e+00	4.314655e+07
4.949501e+00	4.314655e+07
5.411214e+00	4.059658e+07
5.411214e+00	4.059658e+07
6.034489e+00	4.185440e+07
6.034489e+00	4.185440e+07
6.708071e+00	4.952583e+07
6.708071e+00	4.952583e+07
7.092790e+00	5.655876e+07
7.092790e+00	5.655876e+07
7.363790e+00	4.650875e+07
7.363790e+00	4.650875e+07
8.526075e+00	4.815926e+07
8.526075e+00	4.815926e+07
9.048942e+00	5.604063e+07
9.048942e+00	5.604063e+07
9.381797e+00	5.775842e+07
9.381797e+00	5.775842e+07
9.542031e+00	6.090308e+07
9.542031e+00	6.090308e+07
1.013736e+01	7.047545e+07
1.013736e+01	7.047543e+07
1.031240e+01	5.804145e+07
1.031240e+01	5.804145e+07
1.088729e+01	6.501275e+07
1.088729e+01	6.501276e+07
1.118387e+01	5.748816e+07
1.118387e+01	5.748816e+07
1.135219e+01	5.331669e+07
1.135219e+01	5.331669e+07
1.208519e+01	8.363203e+07
1.208519e+01	8.363203e+07
1.327559e+01	7.813209e+07
1.327559e+01	7.813208e+07
1.344309e+01	6.547525e+07
1.344309e+01	6.547525e+07
1.375529e+01	6.918803e+07
1.375529e+01	6.918803e+07
1.438057e+01	6.102884e+07
1.438057e+01	6.102885e+07
1.457445e+01	6.446230e+07
1.457445e+01	6.446230e+07
1.513590e+01	8.204166e+07
1.513590e+01	8.204166e+07
1.528539e+01	6.769247e+07
1.528539e+01	6.769247e+07
1.530383e+01	6.991951e+07
1.530383e+01	6.991951e+07
1.634583e+01	8.357711e+07
1.634583e+01	8.357711e+07
1.682744e+01	7.680711e+07
1.682744e+01	7.680711e+07
1.744895e+01	7.902110e+07
1.744895e+01	7.902109e+07
1.818944e+01	7.335481e+07
1.818944e+01	7.335481e+07
1.827203e+01	8.320785e+07
1.827203e+01	8.320785e+07
1.890450e+01	6.560585e+07
1.890450e+01	6.560585e+07
1.920698e+01	7.993843e+07
1.920698e+01	7.993843e+07
1.996184e+01	7.378723e+07
1.996184e+01	7.378723e+07
2.006901e+01	8.362951e+07
2.006901e+01	8.362951e+07
2.060744e+01	9.232939e+07
2.060744e+01	9.232939e+07
2.112903e+01	7.622428e+07
2.112903e+01	7.622428e+07
2.193956e+01	9.742393e+07
2.193956e+01	9.742393e+07
2.294257e+01	7.905263e+07
2.294257e+01	7.905263e+07
2.316463e+01	7.908304e+07
2.316463e+01	7.908304e+07
2.320298e+01	8.664618e+07
2.320298e+01	8.664618e+07
2.327372e+01	8.571376e+07
2.327372e+01	8.571377e+07
2.354721e+01	8.053722e+07
2.354721e+01	8.053722e+07
2.441250e+01	9.383814e+07
2.441250e+01	9.383814e+07
2.459283e+01	9.486772e+07
2.459283e+01	9.486772e+07
2.526459e+01	9.489047e+07
2.526459e+01	9.489047e+07
2.571895e+01	8.975462e+07
2.571895e+01	8.975462e+07
2.620678e+01	8.654849e+07
2.620678e+01	8.654849e+07
2.620749e+01	8.636422e+07
2.620749e+01	8.636422e+07
2.693992e+01	9.907717e+07
2.693992e+01	9.907717e+07
2.696591e+01	9.608679e+07
2.696591e+01	9.608679e+07
2.732311e+01	8.149411e+07
2.732311e+01	8.149411e+07
2.745258e+01	9.394448e+07
2.745258e+01	9.394448e+07
2.775909e+01	8.021437e+07
2.775909e+01	8.021437e+07
2.835998e+01	8.375255e+07
2.835998e+01	8.375255e+07
2.858556e+01	8.544099e+07
2.858556e+01	8.544099e+07
2.884340e+01	8.222832e+07
2.884340e+01	8.222831e+07
2.895051e+01	8.089925e+07
2.895051e+01	8.089925e+07
3.050662e+01	9.105810e+07
3.050662e+01	9.105810e+07
3.085733e+01	6.906149e+07
3.085733e+01	6.906149e+07
3.120110e+01	8.157001e+07
3.120110e+01	8.157001e+07
3.189958e+01	8.342505e+07
3.189958e+01	8.342505e+07
3.192045e+01	7.712964e+07
3.192045e+01	7.712964e+07
3.222033e+01	6.752459e+07
3.222033e+01	6.752459e+07
3.284812e+01	8.826610e+07
3.284812e+01	8.826610e+07
3.284948e+01	8.637124e+07
3.284948e+01	8.637123e+07
3.411242e+01	8.485867e+07
3.411242e+01	8.485867e+07
3.412318e+01	9.609763e+07
3.412318e+01	9.609763e+07
3.518268e+01	6.444084e+07
3.518268e+01	6.444084e+07
3.519116e+01	6.817098e+07
3.519116e+01	6.817098e+07
3.578247e+01	7.455269e+07
3.578247e+01	7.455269e+07
3.580583e+01	6.131788e+07
3.580583e+01	6.131788e+07
3.929843e+01	6.119498e+07
3.929843e+01	6.119498e+07
3.930584e+01	5.734935e+07
3.930584e+01	5.734935e+07
4.211235e+01	6.677351e+07
4.211235e+01	6.677351e+07
4.212001e+01	6.302462e+07
4.212001e+01	6.302462e+07
4.447709e+01	5.337741e+07
4.447709e+01	5.337741e+07
4.448978e+01	5.785155e+07
4.448978e+01	5.785155e+07
4.452617e+01	7.923986e+07
4.452617e+01	7.923987e+07
4.474483e+01	4.565884e+07
4.474483e+01	4.565884e+07
4.894131e+01	5.330763e+07
4.894131e+01	5.330763e+07
4.894823e+01	4.942180e+07
4.894823e+01	4.942180e+07
4.923342e+01	5.236002e+07
4.923342e+01	5.236001e+07
4.923967e+01	4.676986e+07
4.923967e+01	4.676986e+07
5.401926e+01	4.980613e+07
5.401926e+01	4.980613e+07
5.402607e+01	4.901145e+07
5.402607e+01	4.901145e+07
5.436352e+01	3.632961e+07
5.436352e+01	3.632961e+07
5.437298e+01	4.568970e+07
5.437298e+01	4.568970e+07
5.568877e+01	7.232033e+07
5.568877e+01	7.232033e+07
5.569449e+01	6.247885e+07
5.569449e+01	6.247885e+07
5.658455e+01	4.631172e+07
5.658455e+01	4.631172e+07
5.658510e+01	4.617280e+07
5.658510e+01	4.617280e+07
5.830437e+01	5.106398e+07
5.830437e+01	5.106398e+07
5.830618e+01	4.172754e+07
5.830618e+01	4.172754e+07
6.116936e+01	2.970269e+07
6.116936e+01	2.970269e+07
6.118991e+01	2.192475e+07
6.118991e+01	2.192475e+07
6.121014e+01	3.577458e+07
6.121014e+01	3.577458e+07
6.121033e+01	3.593457e+07
6.121033e+01	3.593457e+07
6.156085e+01	3.576361e+07
6.156085e+01	3.576361e+07
6.158143e+01	2.377883e+07
6.158143e+01	2.377883e+07
9.099529e+01	4.558794e+06
9.099529e+01	4.558794e+06
9.099530e+01	4.558418e+06
9.099530e+01	4.558418e+06
9.100667e+01	5.534084e+06
9.100667e+01	5.534084e+06
9.100667e+01	5.534927e+06
9.100667e+01	5.534927e+06
9.127118e+01	6.949781e+06
9.127118e+01	6.949780e+06
9.127120e+01	6.909054e+06
9.127120e+01	6.909054e+06
9.127947e+01	1.758229e+06
9.127947e+01	1.758229e+06
9.127949e+01	1.717691e+06
9.127949e+01	1.717691e+06
1.161424e+02	2.875890e+06
1.161424e+02	2.875890e+06
1.161672e+02	2.208296e+06
1.161672e+02	2.208296e+06
1.844376e+00	5.785779e+06
1.844376e+00	5.785780e+06
2.349702e+00	7.193145e+06
2.349702e+00	7.193145e+06
2.713192e+00	1.015278e+07
2.713192e+00	1.015278e+07
3.404263e+00	8.981809e+06
3.404263e+00	8.981809e+06
3.820563e+00	1.517810e+07
3.820563e+00	1.517810e+07
4.458659e+00	1.928092e+07
4.458659e+00	1.928092e+07
5.820639e+00	2.358152e+07
5.820639e+00	2.358152e+07
6.159247e+00	2.028455e+07
6.159247e+00	2.028455e+07
6.195951e+00	2.142047e+07
6.195951e+00	2.142047e+07
6.529070e+00	2.114976e+07
6.529070e+00	2.114976e+07
6.920350e+00	2.247299e+07
6.920350e+00	2.247299e+07
7.249640e+00	2.443400e+07
7.249640e+00	2.443400e+07
7.398863e+00	2.093064e+07
7.398863e+00	2.093064e+07
9.049812e+00	2.477966e+07
9.049812e+00	2.477966e+07
9.350055e+00	2.657176e+07
9.350055e+00	2.657176e+07
9.549577e+00	2.716137e+07
9.549577e+00	2.716137e+07
1.014878e+01	2.761154e+07
1.014878e+01	2.761154e+07
1.045080e+01	3.070662e+07
1.045080e+01	3.070662e+07
1.098621e+01	3.791700e+07
1.098621e+01	3.791700e+07
1.101590e+01	3.670374e+07
1.101590e+01	3.670374e+07
1.120663e+01	2.977803e+07
1.120663e+01	2.977803e+07
1.208016e+01	3.542347e+07
1.208016e+01	3.542347e+07
1.312172e+01	3.591044e+07
1.312172e+01	3.591044e+07
1.365134e+01	3.442405e+07
1.365134e+01	3.442405e+07
1.374040e+01	3.455383e+07
1.374040e+01	3.455383e+07
1.430393e+01	3.460431e+07
1.430393e+01	3.460431e+07
1.437452e+01	3.450687e+07
1.437452e+01	3.450687e+07
1.494292e+01	5.955396e+07
1.494292e+01	5.955398e+07
1.511877e+01	3.616403e+07
1.511877e+01	3.616403e+07
1.554292e+01	3.722586e+07
1.554292e+01	3.722586e+07
1.594456e+01	4.048401e+07
1.594456e+01	4.048401e+07
1.686192e+01	4.077096e+07
1.686192e+01	4.077096e+07
1.740598e+01	5.042091e+07
1.740598e+01	5.042091e+07
1.795956e+01	3.939640e+07
1.795956e+01	3.939640e+07
1.830200e+01	3.855199e+07
1.830200e+01	3.855199e+07
1.874024e+01	3.635000e+07
1.874024e+01	3.635000e+07
1.922283e+01	6.104478e+07
1.922283e+01	6.104478e+07
2.004804e+01	4.121374e+07
2.004804e+01	4.121374e+07
2.028930e+01	3.883540e+07
2.028930e+01	3.883540e+07
2.111305e+01	4.927323e+07
2.111305e+01	4.927323e+07
2.154760e+01	5.868265e+07
2.154760e+01	5.868265e+07
2.202771e+01	4.322532e+07
2.202771e+01	4.322532e+07
2.296810e+01	3.989211e+07
2.296810e+01	3.989211e+07
2.301979e+01	3.558394e+07
2.301979e+01	3.558394e+07
2.313350e+01	3.716543e+07
2.313350e+01	3.716543e+07
2.323509e+01	3.953391e+07
2.323509e+01	3.953391e+07
2.450418e+01	4.381958e+07
2.450418e+01	4.381958e+07
2.472571e+01	4.965231e+07
2.472571e+01	4.965231e+07
2.476837e+01	4.318395e+07
2.476837e+01	4.318395e+07
2.483190e+01	4.068057e+07
2.483190e+01	4.068057e+07
2.554058e+01	4.720868e+07
2.554058e+01	4.720868e+07
2.604196e+01	5.264349e+07
2.604196e+01	5.264349e+07
2.623260e+01	4.034292e+07
2.623260e+01	4.034292e+07
2.623353e+01	4.012045e+07
2.623353e+01	4.012045e+07
2.717355e+01	3.870475e+07
2.717355e+01	3.870475e+07
2.722086e+01	3.840458e+07
2.722086e+01	3.840458e+07
2.762529e+01	3.808675e+07
2.762529e+01	3.808675e+07
2.771915e+01	4.851465e+07
2.771915e+01	4.851465e+07
2.829248e+01	4.226068e+07
2.829248e+01	4.226068e+07
2.839633e+01	4.153288e+07
2.839633e+01	4.153288e+07
2.885360e+01	4.337737e+07
2.885360e+01	4.337737e+07
2.893932e+01	4.540702e+07
2.893932e+01	4.540702e+07
3.075806e+01	4.500710e+07
3.075806e+01	4.500710e+07
3.091475e+01	3.833782e+07
3.091475e+01	3.833782e+07
3.147408e+01	3.167568e+07
3.147408e+01	3.167568e+07
3.166670e+01	3.838441e+07
3.166670e+01	3.838441e+07
3.189633e+01	3.660188e+07
3.189633e+01	3.660188e+07
3.192974e+01	3.778587e+07
3.192974e+01	3.778587e+07
3.286817e+01	3.904102e+07
3.286817e+01	3.904102e+07
3.286950e+01	3.916221e+07
3.286950e+01	3.916221e+07
3.410267e+01	3.830956e+07
3.410267e+01	3.830956e+07
3.411328e+01	4.281504e+07
3.411328e+01	4.281504e+07
3.508481e+01	3.811127e+07
3.508481e+01	3.811127e+07
3.509352e+01	3.869894e+07
3.509352e+01	3.869894e+07
3.578071e+01	4.324045e+07
3.578071e+01	4.324045e+07
3.579493e+01	5.004302e+07
3.579493e+01	5.004303e+07
3.930918e+01	2.693667e+07
3.930918e+01	2.693667e+07
3.931717e+01	2.695852e+07
3.931717e+01	2.695852e+07
4.210847e+01	2.754693e+07
4.210847e+01	2.754693e+07
4.211786e+01	3.304514e+07
4.211786e+01	3.304514e+07
4.443800e+01	2.890526e+07
4.443800e+01	2.890526e+07
4.444714e+01	3.035659e+07
4.444714e+01	3.035659e+07
4.463320e+01	2.775371e+07
4.463320e+01	2.775370e+07
4.463879e+01	2.398996e+07
4.463879e+01	2.398995e+07
4.897148e+01	2.546479e+07
4.897148e+01	2.546479e+07
4.897848e+01	2.515591e+07
4.897848e+01	2.515591e+07
4.929781e+01	2.068163e+07
4.929781e+01	2.068163e+07
4.930358e+01	2.027464e+07
4.930358e+01	2.027464e+07
5.399969e+01	2.602176e+07
5.399969e+01	2.602176e+07
5.400672e+01	3.104990e+07
5.400672e+01	3.104990e+07
5.434588e+01	1.993076e+07
5.434588e+01	1.993076e+07
5.435500e+01	1.792016e+07
5.435500e+01	1.792016e+07
5.570771e+01	2.815860e+07
5.570771e+01	2.815860e+07
5.571333e+01	2.837811e+07
5.571333e+01	2.837811e+07
5.663722e+01	2.838643e+07
5.663722e+01	2.838643e+07
5.663774e+01	2.843934e+07
5.663774e+01	2.843934e+07
5.828495e+01	3.031116e+07
5.828495e+01	3.031116e+07
5.828678e+01	3.007119e+07
5.828678e+01	3.007119e+07
6.117273e+01	1.514486e+07
6.117273e+01	1.514486e+07
6.118013e+01	1.521235e+07
6.118013e+01	1.521235e+07
6.118052e+01	1.521809e+07
6.118052e+01	1.521809e+07
6.119469e+01	1.562263e+07
6.119469e+01	1.562263e+07
6.155964e+01	1.393843e+07
6.155964e+01	1.393843e+07
6.157856e+01	1.306264e+07
6.157856e+01	1.306264e+07
9.096392e+01	9.184064e+05
9.096392e+01	9.184064e+05
9.096392e+01	9.183549e+05
9.096392e+01	9.183549e+05
9.107426e+01	4.796005e+06
9.107426e+01	4.796005e+06
9.107427e+01	4.795972e+06
9.107427e+01	4.795972e+06
9.119331e+01	8.668141e+05
9.119331e+01	8.668141e+05
9.119333e+01	8.646514e+05
9.119333e+01	8.646514e+05
9.132112e+01	3.087117e+06
9.132112e+01	3.087117e+06
9.132114e+01	3.088633e+06
9.132114e+01	3.088633e+06
1.161548e+02	6.467606e+05
1.161548e+02	6.467606e+05
1.161548e+02	6.467606e+05
1.161548e+02	6.467606e+05
1.589182e+00	1.141838e+07
1.589182e+00	1.141839e+07
2.145798e+00	1.859280e+07
2.145798e+00	1.859280e+07
2.843673e+00	2.611277e+07
2.843673e+00	2.611277e+07
3.184671e+00	2.328474e+07
3.184671e+00	2.328474e+07
3.515136e+00	2.997334e+07
3.515136e+00	2.997334e+07
4.003139e+00	3.286897e+07
4.003139e+00	3.286897e+07
4.949501e+00	4.314655e+07
4.949501e+00	4.314655e+07
5.411214e+00	4.059658e+07
5.411214e+00	4.059658e+07
6.034489e+00	4.185440e+07
6.034489e+00	4.185440e+07
6.708071e+00	4.952583e+07
6.708071e+00	4.952583e+07
7.092790e+00	5.655876e+07
7.092790e+00	5.655876e+07
7.363790e+00	4.650875e+07
7.363790e+00	4.650875e+07
8.526075e+00	4.815926e+07
8.526075e+00	4.815926e+07
9.048942e+00	5.604063e+07
9.048942e+00	5.604063e+07
9.381797e+00	5.775842e+07
9.381797e+00	5.775842e+07
9.542031e+00	6.090308e+07
9.542031e+00	6.090308e+07
1.013736e+01	7.047545e+07
1.013736e+01	7.047543e+07
1.031240e+01	5.804145e+07
1.031240e+01	5.804145e+07
1.088729e+01	6.501275e+07
1.088729e+01	6.501276e+07
1.118387e+01	5.748816e+07
1.118387e+01	5.748816e+07
1.135219e+01	5.331669e+07
1.135219e+01	5.331669e+07
1.208519e+01	8.363203e+07
1.208519e+01	8.363203e+07
1.327559e+01	7.813209e+07
1.327559e+01	7.813208e+07
1.344309e+01	6.547525e+07
1.344309e+01	6.547525e+07
1.375529e+01	6.918803e+07
1.375529e+01	6.918803e+07
1.438057e+01	6.102884e+07
1.438057e+01	6.102885e+07
1.457445e+01	6.446230e+07
1.457445e+01	6.446230e+07
1.513590e+01	8.204166e+07
1.513590e+01	8.204166e+07
1.528539e+01	6.769247e+07
1.528539e+01	6.769247e+07
1.530383e+01	6.991951e+07
1.530383e+01	6.991951e+07
1.634583e+01	8.357711e+07
1.634583e+01	8.357711e+07
1.682744e+01	7.680711e+07
1.682744e+01	7.680711e+07
1.744895e+01	7.902110e+07
1.744895e+01	7.902109e+07
1.818944e+01	7.335481e+07
1.818944e+01	7.335481e+07
1.827203e+01	8.320785e+07
1.827203e+01	8.320785e+07
1.890450e+01	6.560585e+07
1.890450e+01	6.560585e+07
1.920698e+01	7.993843e+07
1.920698e+01	7.993843e+07
1.996184e+01	7.378723e+07
1.996184e+01	7.378723e+07
2.006901e+01	8.362951e+07
2.006901e+01	8.362951e+07
2.060744e+01	9.232939e+07
2.060744e+01	9.232939e+07
2.112903e+01	7.622428e+07
2.112903e+01	7.622428e+07
2.193956e+01	9.742393e+07
2.193956e+01	9.742393e+07
2.294257e+01	7.905263e+07
2.294257e+01	7.905263e+07
2.316463e+01	7.908304e+07
2.316463e+01	7.908304e+07
2.320298e+01	8.664618e+07
2.320298e+01	8.664618e+07
2.327372e+01	8.571376e+07
2.327372e+01	8.571377e+07
2.354721e+01	8.053722e+07
2.354721e+01	8.053722e+07
2.441250e+01	9.383814e+07
2.441250e+01	9.383814e+07
2.459283e+01	9.486772e+07
2.459283e+01	9.486772e+07
2.526459e+01	9.489047e+07
2.526459e+01	9.489047e+07
2.571895e+01	8.975462e+07
2.571895e+01	8.975462e+07
2.620678e+01	8.654849e+07
2.620678e+01	8.654849e+07
2.620749e+01	8.636422e+07
2.620749e+01	8.636422e+07
2.693992e+01	9.907717e+07
2.693992e+01	9.907717e+07
2.696591e+01	9.608679e+07
2.696591e+01	9.608679e+07
2.732311e+01	8.149411e+07
2.732311e+01	8.149411e+07
2.745258e+01	9.394448e+07
2.745258e+01	9.394448e+07
2.775909e+01	8.021437e+07
2.775909e+01	8.021437e+07
2.835998e+01	8.375255e+07
2.835998e+01	8.375255e+07
2.858556e+01	8.544099e+07
2.858556e+01	8.544099e+07
2.884340e+01	8.222832e+07
2.884340e+01	8.222831e+07
2.895051e+01	8.089925e+07
2.895051e+01	8.089925e+07
3.050662e+01	9.105810e+07
3.050662e+01	9.105810e+07
3.085733e+01	6.906149e+07
3.085733e+01	6.906149e+07
3.120110e+01	8.157001e+07
3.120110e+01	8.157001e+07
3.189958e+01	8.342505e+07
3.189958e+01	8.342505e+07
3.192045e+01	7.712964e+07
3.192045e+01	7.712964e+07
3.222033e+01	6.752459e+07
3.222033e+01	6.752459e+07
3.284812e+01	8.826610e+07
3.284812e+01	8.826610e+07
3.284948e+01	8.637124e+07
3.284948e+01	8.637123e+07
3.411242e+01	8.485867e+07
3.411242e+01	8.485867e+07
3.412318e+01	9.609763e+07
3.412318e+01	9.609763e+07
3.518268e+01	6.444084e+07
3.518268e+01	6.444084e+07
3.519116e+01	6.817098e+07
3.519116e+01	6.817098e+07
3.578247e+01	7.455269e+07
3.578247e+01	7.455269e+07
3.580583e+01	6.131788e+07
3.580583e+01	6.131788e+07
3.929843e+01	6.119498e+07
3.929843e+01	6.119498e+07
3.930584e+01	5.734935e+07
3.930584e+01	5.734935e+07
4.211235e+01	6.677351e+07
4.211235e+01	6.677351e+07
4.212001e+01	6.302462e+07
4.212001e+01	6.302462e+07
4.447709e+01	5.337741e+07
4.447709e+01	5.337741e+07
4.448978e+01	5.785155e+07
4.448978e+01	5.785155e+07
4.452617e+01	7.923986e+07
4.452617e+01	7.923987e+07
4.474483e+01	4.565884e+07
4.474483e+01	4.565884e+07
4.894131e+01	5.330763e+07
4.894131e+01	5.330763e+07
4.894823e+01	4.942180e+07
4.894823e+01	4.942180e+07
4.923342e+01	5.236002e+07
4.923342e+01	5.236001e+07
4.923967e+01	4.676986e+07
4.923967e+01	4.676986e+07
5.401926e+01	4.980613e+07
5.401926e+01	4.980613e+07
5.402607e+01	4.901145e+07
5.402607e+01	4.901145e+07
5.436352e+01	3.632961e+07
5.436352e+01	3.632961e+07
5.437298e+01	4.568970e+07
5.437298e+01	4.568970e+07
5.568877e+01	7.232033e+07
5.568877e+01	7.232033e+07
5.569449e+01	6.247885e+07
5.569449e+01	6.247885e+07
5.658455e+01	4.631172e+07
5.658455e+01	4.631172e+07
5.658510e+01	4.617280e+07
5.658510e+01	4.617280e+07
5.830437e+01	5.106398e+07
5.830437e+01	5.106398e+07
5.830618e+01	4.172754e+07
5.830618e+01	4.172754e+07
6.116936e+01	2.970269e+07
6.116936e+01	2.970269e+07
6.118991e+01	2.192475e+07
6.118991e+01	2.192475e+07
6.121014e+01	3.577458e+07
6.121014e+01	3.577458e+07
6.121033e+01	3.593457e+07
6.121033e+01	3.593457e+07
6.156085e+01	3.576361e+07
6.156085e+01	3.576361e+07
6.158143e+01	2.377883e+07
6.158143e+01	2.377883e+07
9.099529e+01	4.558794e+06
9.099529e+01	4.558794e+06
9.099530e+01	4.558418e+06
9.099530e+01	4.558418e+06
9.100667e+01	5.534084e+06
9.100667e+01	5.534084e+06
9.100667e+01	5.534927e+06
9.100667e+01	5.534927e+06
9.127118e+01	6.949781e+06
9.127118e+01	6.949780e+06
9.127120e+01	6.909054e+06
9.127120e+01	6.909054e+06
9.127947e+01	1.758229e+06
9.127947e+01	1.758229e+06
9.127949e+01	1.717691e+06
9.127949e+01	1.717691e+06
1.161424e+02	2.875890e+06
1.161424e+02	2.875890e+06
1.161672e+02	2.208296e+06
1.161672e+02	2.208296e+06
1.308532e+00	5.097173e+06
1.308532e+00	5.097173e+06
1.457497e+00	5.794819e+06
1.457497e+00	5.794819e+06
2.480617e+00	7.136502e+06
2.480617e+00	7.136502e+06
2.567995e+00	8.031160e+06
2.567995e+00	8.031160e+06
3.189142e+00	1.196726e+07
3.189142e+00	1.196726e+07
3.677890e+00	1.267050e+07
3.677890e+00	1.267050e+07
5.189879e+00	2.723991e+07
5.189879e+00	2.723991e+07
5.296231e+00	2.029345e+07
5.296231e+00	2.029345e+07
5.476508e+00	1.817240e+07
5.476508e+00	1.817240e+07
5.893181e+00	2.326480e+07
5.893181e+00	2.326480e+07
7.642022e+00	2.529224e+07
7.642022e+00	2.529224e+07
8.376321e+00	2.176035e+07
8.376321e+00	2.176035e+07
8.731942e+00	2.771160e+07
8.731942e+00	2.771160e+07
8.995531e+00	2.836103e+07
8.995531e+00	2.836103e+07
9.422778e+00	2.961510e+07
9.422778e+00	2.961510e+07
9.528917e+00	2.765194e+07
9.528917e+00	2.765194e+07
1.008447e+01	2.348455e+07
1.008447e+01	2.348455e+07
1.065494e+01	2.720512e+07
1.065494e+01	2.720512e+07
1.081720e+01	3.058417e+07
1.081720e+01	3.058417e+07
1.089640e+01	3.234277e+07
1.089640e+01	3.234277e+07
1.174271e+01	3.297693e+07
1.174271e+01	3.297693e+07
1.212971e+01	3.024044e+07
1.212971e+01	3.024044e+07
1.276178e+01	3.669546e+07
1.276178e+01	3.669546e+07
1.387617e+01	3.033809e+07
1.387617e+01	3.033809e+07
1.409912e+01	3.703007e+07
1.409912e+01	3.703007e+07
1.413965e+01	3.506468e+07
1.413965e+01	3.506468e+07
1.417582e+01	3.157020e+07
1.417582e+01	3.157020e+07
1.463402e+01	2.823626e+07
1.463402e+01	2.823626e+07
1.511054e+01	5.667811e+07
1.511054e+01	5.667811e+07
1.582372e+01	3.705707e+07
1.582372e+01	3.705707e+07
1.707309e+01	3.872412e+07
1.707309e+01	3.872412e+07
1.742440e+01	3.536610e+07
1.742440e+01	3.536610e+07
1.745928e+01	4.410076e+07
1.745928e+01	4.410076e+07
1.838560e+01	3.637065e+07
1.838560e+01	3.637065e+07
1.842527e+01	3.767824e+07
1.842527e+01	3.767824e+07
1.905965e+01	3.387110e+07
1.905965e+01	3.387110e+07
1.926476e+01	4.549697e+07
1.926476e+01	4.549697e+07
1.945518e+01	3.580055e+07
1.945518e+01	3.580055e+07
1.979579e+01	3.746755e+07
1.979579e+01	3.746755e+07
1.993448e+01	4.570180e+07
1.993448e+01	4.570180e+07
2.117544e+01	4.360877e+07
2.117544e+01	4.360877e+07
2.193545e+01	4.498024e+07
2.193545e+01	4.498024e+07
2.204104e+01	3.986310e+07
2.204104e+01	3.986310e+07
2.298174e+01	3.886843e+07
2.298174e+01	3.886843e+07
2.326606e+01	4.278982e+07
2.326606e+01	4.278982e+07
2.329711e+01	4.260591e+07
2.329711e+01	4.260591e+07
2.331524e+01	4.246417e+07
2.331524e+01	4.246417e+07
2.431445e+01	4.292499e+07
2.431445e+01	4.292499e+07
2.458580e+01	4.864555e+07
2.458580e+01	4.864555e+07
2.603594e+01	5.653230e+07
2.603594e+01	5.653230e+07
2.610148e+01	4.668102e+07
2.610148e+01	4.668102e+07
2.615655e+01	5.143905e+07
2.615655e+01	5.143905e+07
2.617766e+01	4.286114e+07
2.617766e+01	4.286114e+07
2.630622e+01	4.357595e+07
2.630622e+01	4.357595e+07
2.701171e+01	3.835991e+07
2.701171e+01	3.835991e+07
2.744451e+01	4.451929e+07
2.744451e+01	4.451929e+07
2.771488e+01	4.716570e+07
2.771488e+01	4.716570e+07
2.775263e+01	4.774057e+07
2.775263e+01	4.774057e+07
2.844383e+01	3.881995e+07
2.844383e+01	3.881995e+07
2.876917e+01	4.655901e+07
2.876917e+01	4.655901e+07
2.886023e+01	4.192405e+07
2.886023e+01	4.192405e+07
2.888767e+01	4.168031e+07
2.888767e+01	4.168031e+07
3.039373e+01	5.461170e+07
3.039373e+01	5.461170e+07
3.050773e+01	5.383714e+07
3.050773e+01	5.383714e+07
3.136080e+01	4.245622e+07
3.136080e+01	4.245622e+07
3.189202e+01	3.441167e+07
3.189202e+01	3.441167e+07
3.193309e+01	3.878044e+07
3.193309e+01	3.878044e+07
3.246820e+01	3.864324e+07
3.246820e+01	3.864324e+07
3.282852e+01	3.871376e+07
3.282852e+01	3.871376e+07
3.282934e+01	3.897869e+07
3.282934e+01	3.897869e+07
3.412351e+01	4.491007e+07
3.412351e+01	4.491007e+07
3.413148e+01	3.965896e+07
3.413148e+01	3.965896e+07
3.528058e+01	2.910210e+07
3.528058e+01	2.910210e+07
3.528714e+01	2.937404e+07
3.528714e+01	2.937404e+07
3.578470e+01	3.993775e+07
3.578470e+01	3.993775e+07
3.581705e+01	4.163715e+07
3.581705e+01	4.163715e+07
3.928884e+01	3.381936e+07
3.928884e+01	3.381936e+07
3.929351e+01	3.290430e+07
3.929351e+01	3.290430e+07
4.211695e+01	3.090021e+07
4.211695e+01	3.090021e+07
4.212147e+01	3.159115e+07
4.212147e+01	3.159115e+07
4.446696e+01	3.095308e+07
4.446696e+01	3.095308e+07
4.453143e+01	2.370610e+07
4.453143e+01	2.370610e+07
4.453268e+01	2.358899e+07
4.453268e+01	2.358899e+07
4.478854e+01	2.264505e+07
4.478854e+01	2.264505e+07
4.891106e+01	2.591105e+07
4.891106e+01	2.591105e+07
4.891658e+01	2.552821e+07
4.891658e+01	2.552821e+07
4.916931e+01	2.298216e+07
4.916931e+01	2.298216e+07
4.917540e+01	2.124162e+07
4.917540e+01	2.124162e+07
5.403994e+01	2.698493e+07
5.403994e+01	2.698493e+07
5.404405e+01	2.719516e+07
5.404405e+01	2.719516e+07
5.438294e+01	1.903116e+07
5.438294e+01	1.903116e+07
5.439049e+01	1.894675e+07
5.439049e+01	1.894675e+07
5.567109e+01	2.847129e+07
5.567109e+01	2.847129e+07
5.567450e+01	2.810546e+07
5.567450e+01	2.810546e+07
5.653188e+01	2.094542e+07
5.653188e+01	2.094542e+07
5.653222e+01	2.095324e+07
5.653222e+01	2.095324e+07
5.832366e+01	2.508688e+07
5.832366e+01	2.508688e+07
5.832520e+01	2.507330e+07
5.832520e+01	2.507330e+07
6.117235e+01	1.527130e+07
6.117235e+01	1.527130e+07
6.117960e+01	1.546356e+07
6.117960e+01	1.546356e+07
6.123889e+01	1.892840e+07
6.123889e+01	1.892840e+07
6.123928e+01	1.894443e+07
6.123928e+01	1.894443e+07
6.156544e+01	1.370845e+07
6.156544e+01	1.370845e+07
6.158121e+01	1.329568e+07
6.158121e+01	1.329568e+07
9.094690e+01	9.218666e+05
9.094690e+01	9.218666e+05
9.094690e+01	9.217899e+05
9.094690e+01	9.217899e+05
9.107071e+01	4.748087e+06
9.107071e+01	4.748087e+06
9.107071e+01	4.748680e+06
9.107071e+01	4.748680e+06
9.121653e+01	8.865415e+04
9.121653e+01	8.865415e+04
9.121656e+01	8.866266e+04
9.121656e+01	8.866266e+04
9.131845e+01	2.345016e+06
9.131845e+01	2.345016e+06
9.131849e+01	2.346840e+06
9.131849e+01	2.346840e+06
1.161372e+02	6.629081e+05
1.161372e+02	6.629081e+05
1.161724e+02	6.534546e+05
1.161724e+02	6.534546e+05
1.565054e+00	1.192525e+07
1.565069e+00	1.192954e+07
2.298235e+00	1.961038e+07
2.298235e+00	1.961045e+07
2.795445e+00	2.520676e+07
2.795492e+00	2.521500e+07
2.953137e+00	2.515257e+07
2.953143e+00	2.515118e+07
3.599061e+00	2.827847e+07
3.599069e+00	2.828327e+07
4.307521e+00	3.079823e+07
4.307562e+00	3.081121e+07
4.413802e+00	3.408735e+07
4.413847e+00	3.408713e+07
5.604990e+00	4.243636e+07
5.604996e+00	4.243654e+07
6.278018e+00	4.287757e+07
6.278092e+00	4.288699e+07
6.508843e+00	4.558612e+07
6.508859e+00	4.558599e+07
7.160915e+00	4.932662e+07
7.161128e+00	4.935207e+07
7.919988e+00	5.982061e+07
7.920020e+00	5.965222e+07
8.494374e+00	5.447200e+07
8.494556e+00	5.447570e+07
8.660673e+00	5.950395e+07
8.660686e+00	5.949664e+07
8.738019e+00	5.481026e+07
8.738144e+00	5.497055e+07
9.402195e+00	6.067285e+07
9.402313e+00	6.071104e+07
1.045650e+01	5.719471e+07
1.045653e+01	5.719873e+07
1.047955e+01	5.479676e+07
1.047962e+01	5.479380e+07
1.083213e+01	6.516179e+07
1.083216e+01	6.516532e+07
1.116123e+01	6.077940e+07
1.116126e+01	6.074507e+07
1.177256e+01	6.778934e+07
1.177257e+01	6.779697e+07
1.261626e+01	8.812791e+07
1.261627e+01	8.813526e+07
1.273317e+01	6.902398e+07
1.273320e+01	6.902641e+07
1.329344e+01	6.391291e+07
1.329344e+01	6.391254e+07
1.357941e+01	7.324093e+07
1.357946e+01	7.323849e+07
1.430329e+01	6.624486e+07
1.430333e+01	6.624599e+07
1.477347e+01	7.699993e+07
1.477347e+01	7.699878e+07
1.496869e+01	6.141259e+07
1.496870e+01	6.140895e+07
1.523899e+01	7.178506e+07
1.523900e+01	7.178432e+07
1.534732e+01	7.758541e+07
1.534733e+01	7.757830e+07
1.669568e+01	9.547895e+07
1.669570e+01	9.557025e+07
1.699110e+01	7.902544e+07
1.699116e+01	7.903607e+07
1.711635e+01	7.569114e+07
1.711637e+01	7.568349e+07
1.796981e+01	7.733041e+07
1.796981e+01	7.733059e+07
1.863003e+01	7.988489e+07
1.863003e+01	7.988372e+07
1.878933e+01	9.447525e+07
1.878935e+01	9.447777e+07
1.933536e+01	8.126859e+07
1.933541e+01	8.124961e+07
1.983824e+01	8.964486e+07
1.983825e+01	8.965133e+07
2.007761e+01	8.142883e+07
2.007765e+01	8.150011e+07
2.047040e+01	8.244381e+07
2.047045e+01	8.240937e+07
2.123216e+01	1.009424e+08
2.123223e+01	1.009319e+08
2.192447e+01	8.497923e+07
2.192450e+01	8.497222e+07
2.294731e+01	7.988543e+07
2.294747e+01	7.975327e+07
2.303307e+01	7.602295e+07
2.303313e+01	7.599144e+07
2.335778e+01	7.242901e+07
2.335806e+01	7.234236e+07
2.343604e+01	8.580130e+07
2.343611e+01	8.576235e+07
2.348990e+01	8.811165e+07
2.348997e+01	8.808978e+07
2.431956e+01	7.948149e+07
2.431986e+01	7.944755e+07
2.443415e+01	9.819098e+07
2.443475e+01	9.783227e+07
2.533033e+01	1.048774e+08
2.533092e+01	1.054072e+08
2.592363e+01	9.532306e+07
2.592413e+01	9.524690e+07
2.620146e+01	7.626363e+07
2.620146e+01	7.626291e+07
2.621344e+01	1.171756e+08
2.621345e+01	1.171477e+08
2.666195e+01	9.489561e+07
2.666208e+01	9.421153e+07
2.712091e+01	8.492089e+07
2.712100e+01	8.496879e+07
2.731388e+01	7.484057e+07
2.731392e+01	7.459392e+07
2.746483e+01	1.007844e+08
2.746500e+01	1.010418e+08
2.769173e+01	9.729391e+07
2.769193e+01	9.689307e+07
2.840441e+01	8.547323e+07
2.840470e+01	8.542787e+07
2.867128e+01	8.101231e+07
2.867151e+01	8.094215e+07
2.884959e+01	8.417493e+07
2.884970e+01	8.408861e+07
2.886593e+01	8.228352e+07
2.886609e+01	8.228092e+07
3.051573e+01	8.931780e+07
3.051573e+01	8.930016e+07
3.084308e+01	8.035496e+07
3.084308e+01	8.035298e+07
3.121467e+01	8.266498e+07
3.121467e+01	8.265979e+07
3.188986e+01	7.901826e+07
3.188987e+01	7.902326e+07
3.192456e+01	7.738455e+07
3.192457e+01	7.738555e+07
3.222051e+01	7.282313e+07
3.222052e+01	7.281744e+07
3.284846e+01	8.794531e+07
3.284846e+01	8.794704e+07
3.284914e+01	8.939732e+07
3.284914e+01	8.939824e+07
3.411506e+01	9.063822e+07
3.411506e+01	9.063856e+07
3.412085e+01	9.065399e+07
3.412085e+01	9.064694e+07
3.518413e+01	6.208164e+07
3.518413e+01	6.208160e+07
3.518962e+01	6.393976e+07
3.518962e+01	6.393981e+07
3.578326e+01	7.108340e+07
3.578326e+01	7.108198e+07
3.580510e+01	6.747558e+07
3.580510e+01	6.747555e+07
3.930049e+01	5.987589e+07
3.930049e+01	5.987615e+07
3.930378e+01	6.082451e+07
3.930378e+01	6.082512e+07
4.211451e+01	6.240780e+07
4.211451e+01	6.240857e+07
4.211785e+01	6.079944e+07
4.211785e+01	6.079830e+07
4.447841e+01	4.822146e+07
4.447841e+01	4.822151e+07
4.448812e+01	5.446098e+07
4.448812e+01	5.446105e+07
4.452651e+01	5.336122e+07
4.452651e+01	5.335909e+07
4.474483e+01	4.369767e+07
4.474483e+01	4.369775e+07
4.894276e+01	5.385204e+07
4.894276e+01	5.385202e+07
4.894673e+01	5.133135e+07
4.894673e+01	5.133127e+07
4.923445e+01	5.395340e+07
4.923445e+01	5.395327e+07
4.923868e+01	4.820309e+07
4.923868e+01	4.820227e+07
5.402118e+01	4.894179e+07
5.402118e+01	4.894190e+07
5.402408e+01	4.957222e+07
5.402408e+01	4.957223e+07
5.436561e+01	3.710645e+07
5.436561e+01	3.710690e+07
5.437096e+01	8.287665e+07
5.437096e+01	8.285912e+07
5.569044e+01	6.520644e+07
5.569044e+01	6.520633e+07
5.569282e+01	6.217759e+07
5.569282e+01	6.217759e+07
5.658472e+01	4.361934e+07
5.658472e+01	4.361934e+07
5.658494e+01	4.351464e+07
5.658494e+01	4.351464e+07
5.830472e+01	4.373335e+07
5.830472e+01	4.373334e+07
5.830583e+01	4.402453e+07
5.830583e+01	4.402456e+07
6.117692e+01	2.888142e+07
6.117692e+01	2.888123e+07
6.118198e+01	2.566700e+07
6.118198e+01	2.566669e+07
6.121003e+01	3.588706e+07
6.121003e+01	3.588710e+07
6.121037e+01	3.615897e+07
6.121037e+01	3.615908e+07
6.156578e+01	3.419592e+07
6.156579e+01	3.419580e+07
6.157694e+01	2.506750e+07
6.157694e+01	2.506735e+07
9.099529e+01	4.517915e+06
9.099529e+01	4.517915e+06
9.099530e+01	4.517032e+06
9.099530e+01	4.517032e+06
9.100667e+01	5.506355e+06
9.100667e+01	5.506355e+06
9.100667e+01	5.509514e+06
9.100667e+01	5.509514e+06
9.127117e+01	6.691106e+06
9.127117e+01	6.691105e+06
9.127120e+01	6.640059e+06
9.127120e+01	6.640058e+06
9.127948e+01	1.714410e+06
9.127948e+01	1.714410e+06
9.127949e+01	1.715562e+06
9.127949e+01	1.715562e+06
1.161424e+02	2.875935e+06
1.161424e+02	2.875935e+06
1.161672e+02	2.208243e+06
1.161672e+02	2.208243e+06
1.937387e+00	6.278109e+06
1.937387e+00	6.278109e+06
1.937401e+00	6.278134e+06
1.937401e+00	6.278134e+06
3.098106e+00	1.213388e+07
3.098106e+00	1.213388e+07
3.098113e+00	1.213219e+07
3.098113e+00	1.213219e+07
4.234205e+00	1.382791e+07
4.234205e+00	1.382791e+07
4.234244e+00	1.382805e+07
4.234244e+00	1.382805e+07
5.796935e+00	2.129160e+07
5.796935e+00	2.129160e+07
5.797008e+00	2.128074e+07
5.797008e+00	2.128074e+07
6.416589e+00	2.061227e+07
6.416589e+00	2.061227e+07
6.416598e+00	2.061255e+07
6.416598e+00	2.061255e+07
7.362753e+00	3.028904e+07
7.362753e+00	3.028904e+07
7.362822e+00	3.029765e+07
7.362822e+00	3.029765e+07
8.198275e+00	2.382842e+07
8.198275e+00	2.382842e+07
8.198305e+00	2.382734e+07
8.198305e+00	2.382734e+07
8.866309e+00	2.987519e+07
8.866309e+00	2.987519e+07
8.866350e+00	2.986965e+07
8.866350e+00	2.986965e+07
1.047032e+01	2.720859e+07
1.047032e+01	2.720859e+07
1.047035e+01	2.720684e+07
1.047035e+01	2.720684e+07
1.115719e+01	3.681707e+07
1.115719e+01	3.681707e+07
1.115721e+01	3.681219e+07
1.115721e+01	3.681219e+07
1.228871e+01	3.130458e+07
1.228871e+01	3.130458e+07
1.228874e+01	3.130479e+07
1.228874e+01	3.130479e+07
1.286986e+01	3.196613e+07
1.286986e+01	3.196613e+07
1.286988e+01	3.196740e+07
1.286988e+01	3.196740e+07
1.374472e+01	3.818492e+07
1.374472e+01	3.818492e+07
1.374472e+01	3.818493e+07
1.374472e+01	3.818493e+07
1.473260e+01	3.143377e+07
1.473260e+01	3.143377e+07
1.473262e+01	3.143666e+07
1.473262e+01	3.143666e+07
1.536697e+01	3.121447e+07
1.536697e+01	3.121447e+07
1.536697e+01	3.121520e+07
1.536697e+01	3.121520e+07
1.674779e+01	3.621513e+07
1.674779e+01	3.621513e+07
1.674783e+01	3.621453e+07
1.674783e+01	3.621453e+07
1.735951e+01	3.433100e+07
1.735951e+01	3.433100e+07
1.735955e+01	3.432562e+07
1.735955e+01	3.432562e+07
1.869869e+01	3.737971e+07
1.869869e+01	3.737971e+07
1.869873e+01	3.737866e+07
1.869873e+01	3.737866e+07
1.959341e+01	3.852608e+07
1.959341e+01	3.852608e+07
1.959342e+01	3.852476e+07
1.959342e+01	3.852476e+07
2.058349e+01	4.562866e+07
2.058349e+01	4.562866e+07
2.058355e+01	4.562484e+07
2.058355e+01	4.562484e+07
2.193964e+01	4.603013e+07
2.193964e+01	4.603013e+07
2.193967e+01	4.603297e+07
2.193967e+01	4.603297e+07
2.283443e+01	4.068559e+07
2.283443e+01	4.068559e+07
2.283444e+01	4.068261e+07
2.283444e+01	4.068261e+07
2.348384e+01	3.695010e+07
2.348384e+01	3.695010e+07
2.348411e+01	3.696960e+07
2.348411e+01	3.696960e+07
2.417438e+01	3.987727e+07
2.417438e+01	3.987727e+07
2.417450e+01	3.990436e+07
2.417450e+01	3.990436e+07
2.508340e+01	4.721912e+07
2.508340e+01	4.721912e+07
2.508344e+01	4.722798e+07
2.508344e+01	4.722798e+07
2.582232e+01	4.057674e+07
2.582232e+01	4.057674e+07
2.582250e+01	4.059532e+07
2.582250e+01	4.059532e+07
2.622867e+01	5.214150e+07
2.622867e+01	5.214150e+07
2.622867e+01	5.213998e+07
2.622867e+01	5.213998e+07
2.719672e+01	3.780956e+07
2.719672e+01	3.780956e+07
2.719675e+01	3.781188e+07
2.719675e+01	3.781188e+07
2.757239e+01	4.094028e+07
2.757239e+01	4.094028e+07
2.757243e+01	4.094679e+07
2.757243e+01	4.094679e+07
2.847326e+01	4.264181e+07
2.847326e+01	4.264181e+07
2.847335e+01	4.265279e+07
2.847335e+01	4.265279e+07
2.884174e+01	3.823525e+07
2.884174e+01	3.823525e+07
2.884176e+01	3.822607e+07
2.884176e+01	3.822607e+07
3.082778e+01	3.310374e+07
3.082778e+01	3.310374e+07
3.082778e+01	3.310182e+07
3.082778e+01	3.310182e+07
3.157939e+01	3.637563e+07
3.157939e+01	3.637563e+07
3.157941e+01	3.637332e+07
3.157941e+01	3.637332e+07
3.191316e+01	3.940888e+07
3.191316e+01	3.940888e+07
3.191318e+01	3.941346e+07
3.191318e+01	3.941346e+07
3.286883e+01	3.856324e+07
3.286883e+01	3.856324e+07
3.286883e+01	3.856309e+07
3.286883e+01	3.856309e+07
3.410817e+01	4.031876e+07
3.410817e+01	4.031876e+07
3.410818e+01	4.031887e+07
3.410818e+01	4.031887e+07
3.508909e+01	3.735058e+07
3.508909e+01	3.735058e+07
3.508909e+01	3.735058e+07
3.508909e+01	3.735058e+07
3.578786e+01	4.014094e+07
3.578786e+01	4.014094e+07
3.578787e+01	4.014096e+07
3.578787e+01	4.014096e+07
3.931318e+01	3.229852e+07
3.931318e+01	3.229852e+07
3.931318e+01	3.229839e+07
3.931318e+01	3.229839e+07
4.211316e+01	2.960688e+07
4.211316e+01	2.960688e+07
4.211316e+01	2.960679e+07
4.211316e+01	2.960679e+07
4.444251e+01	2.942955e+07
4.444251e+01	2.942955e+07
4.444251e+01	2.942956e+07
4.444251e+01	2.942956e+07
4.463606e+01	2.763920e+07
4.463606e+01	2.763920e+07
4.463606e+01	2.763925e+07
4.463606e+01	2.763925e+07
4.897495e+01	2.522380e+07
4.897495e+01	2.522380e+07
4.897495e+01	2.522380e+07
4.897495e+01	2.522380e+07
4.930073e+01	2.003243e+07
4.930073e+01	2.003243e+07
4.930073e+01	2.003236e+07
4.930073e+01	2.003236e+07
5.400316e+01	2.760722e+07
5.400316e+01	2.760722e+07
5.400316e+01	2.760749e+07
5.400316e+01	2.760749e+07
5.435049e+01	1.882417e+07
5.435049e+01	1.882417e+07
5.435049e+01	1.882402e+07
5.435049e+01	1.882402e+07
5.571052e+01	2.880112e+07
5.571052e+01	2.880112e+07
5.571052e+01	2.880109e+07
5.571052e+01	2.880109e+07
5.663748e+01	2.851341e+07
5.663748e+01	2.851341e+07
5.663748e+01	2.851342e+07
5.663748e+01	2.851342e+07
5.828587e+01	3.026051e+07
5.828587e+01	3.026051e+07
5.828587e+01	3.026049e+07
5.828587e+01	3.026049e+07
6.118032e+01	1.525456e+07
6.118032e+01	1.525456e+07
6.118032e+01	1.525456e+07
6.118032e+01	1.525456e+07
6.118345e+01	1.531060e+07
6.118345e+01	1.531060e+07
6.118345e+01	1.531061e+07
6.118345e+01	1.531061e+07
6.156937e+01	1.284561e+07
6.156937e+01	1.284561e+07
6.156937e+01	1.284558e+07
6.156937e+01	1.284558e+07
9.096392e+01	9.183927e+05
9.096392e+01	9.183927e+05
9.096392e+01	9.183927e+05
9.096392e+01	9.183927e+05
9.107427e+01	4.781092e+06
9.107427e+01	4.781092e+06
9.107427e+01	4.781092e+06
9.107427e+01	4.781092e+06
9.119332e+01	8.657394e+05
9.119332e+01	8.657394e+05
9.119332e+01	8.657393e+05
9.119332e+01	8.657393e+05
9.132113e+01	3.087968e+06
9.132113e+01	3.087968e+06
9.132113e+01	3.087968e+06
9.132113e+01	3.087968e+06
1.161548e+02	6.467606e+05
1.161548e+02	6.467606e+05
1.161548e+02	6.467606e+05
1.161548e+02	6.467606e+05
1.565054e+00	1.192525e+07
1.565069e+00	1.192954e+07
2.298235e+00	1.961038e+07
2.298235e+00	1.961045e+07
2.795445e+00	2.520676e+07
2.795492e+00	2.521500e+07
2.953137e+00	2.515257e+07
2.953143e+00	2.515118e+07
3.599061e+00	2.827847e+07
3.599069e+00	2.828327e+07
4.307521e+00	3.079823e+07
4.307562e+00	3.081121e+07
4.413802e+00	3.408735e+07
4.413847e+00	3.408713e+07
5.604990e+00	4.243636e+07
5.604996e+00	4.243654e+07
6.278018e+00	4.287757e+07
6.278092e+00	4.288699e+07
6.508843e+00	4.558612e+07
6.508859e+00	4.558599e+07
7.160915e+00	4.932662e+07
7.161128e+00	4.935207e+07
7.919988e+00	5.982061e+07
7.920020e+00	5.965222e+07
8.494374e+00	5.447200e+07
8.494556e+00	5.447570e+07
8.660673e+00	5.950395e+07
8.660686e+00	5.949664e+07
8.738019e+00	5.481026e+07
8.738144e+00	5.497055e+07
9.402195e+00	6.067285e+07
9.402313e+00	6.071104e+07
1.045650e+01	5.719471e+07
1.045653e+01	5.719873e+07
1.047955e+01	5.479676e+07
1.047962e+01	5.479380e+07
1.083213e+01	6.516179e+07
1.083216e+01	6.516532e+07
1.116123e+01	6.077940e+07
1.116126e+01	6.074507e+07
1.177256e+01	6.778934e+07
1.177257e+01	6.779697e+07
1.261626e+01	8.812791e+07
1.261627e+01	8.813526e+07
1.273317e+01	6.902398e+07
1.273320e+01	6.902641e+07
1.329344e+01	6.391291e+07
1.329344e+01	6.391254e+07
1.357941e+01	7.324093e+07
1.357946e+01	7.323849e+07
1.430329e+01	6.624486e+07
1.430333e+01	6.624599e+07
1.477347e+01	7.699993e+07
1.477347e+01	7.699878e+07
1.496869e+01	6.141259e+07
1.496870e+01	6.140895e+07
1.523899e+01	7.178506e+07
1.523900e+01	7.178432e+07
1.534732e+01	7.758541e+07
1.534733e+01	7.757830e+07
1.669568e+01	9.547895e+07
1.669570e+01	9.557025e+07
1.699110e+01	7.902544e+07
1.699116e+01	7.903607e+07
1.711635e+01	7.569114e+07
1.711637e+01	7.568349e+07
1.796981e+01	7.733041e+07
1.796981e+01	7.733059e+07
1.863003e+01	7.988489e+07
1.863003e+01	7.988372e+07
1.878933e+01	9.447525e+07
1.878935e+01	9.447777e+07
1.933536e+01	8.126859e+07
1.933541e+01	8.124961e+07
1.983824e+01	8.964486e+07
1.983825e+01	8.965133e+07
2.007761e+01	8.142883e+07
2.007765e+01	8.150011e+07
2.047040e+01	8.244381e+07
2.047045e+01	8.240937e+07
2.123216e+01	1.009424e+08
2.123223e+01	1.009319e+08
2.192447e+01	8.497923e+07
2.192450e+01	8.497222e+07
2.294731e+01	7.988543e+07
2.294747e+01	7.975327e+07
2.303307e+01	7.602295e+07
2.303313e+01	7.599144e+07
2.335778e+01	7.242901e+07
2.335806e+01	7.234236e+07
2.343604e+01	8.580130e+07
2.343611e+01	8.576235e+07
2.348990e+01	8.811165e+07
2.348997e+01	8.808978e+07
2.431956e+01	7.948149e+07
2.431986e+01	7.944755e+07
2.443415e+01	9.819098e+07
2.443475e+01	9.783227e+07
2.533033e+01	1.048774e+08
2.533092e+01	1.054072e+08
2.592363e+01	9.532306e+07
2.592413e+01	9.524690e+07
2.620146e+01	7.626363e+07
2.620146e+01	7.626291e+07
2.621344e+01	1.171756e+08
2.621345e+01	1.171477e+08
2.666195e+01	9.489561e+07
2.666208e+01	9.421153e+07
2.712091e+01	8.492089e+07
2.712100e+01	8.496879e+07
2.731388e+01	7.484057e+07
2.731392e+01	7.459392e+07
2.746483e+01	1.007844e+08
2.746500e+01	1.010418e+08
2.769173e+01	9.729391e+07
2.769193e+01	9.689307e+07
2.840441e+01	8.547323e+07
2.840470e+01	8.542787e+07
2.867128e+01	8.101231e+07
2.867151e+01	8.094215e+07
2.884959e+01	8.417493e+07
2.884970e+01	8.408861e+07
2.886593e+01	8.228352e+07
2.886609e+01	8.228092e+07
3.051573e+01	8.931780e+07
3.051573e+01	8.930016e+07
3.084308e+01	8.035496e+07
3.084308e+01	8.035298e+07
3.121467e+01	8.266498e+07
3.121467e+01	8.265979e+07
3.188986e+01	7.901826e+07
3.188987e+01	7.902326e+07
3.192456e+01	7.738455e+07
3.192457e+01	7.738555e+07
3.222051e+01	7.282313e+07
3.222052e+01	7.281744e+07
3.284846e+01	8.794531e+07
3.284846e+01	8.794704e+07
3.284914e+01	8.939732e+07
3.284914e+01	8.939824e+07
3.411506e+01	9.063822e+07
3.411506e+01	9.063856e+07
3.412085e+01	9.065399e+07
3.412085e+01	9.064694e+07
3.518413e+01	6.208164e+07
3.518413e+01	6.208160e+07
3.518962e+01	6.393976e+07
3.518962e+01	6.393981e+07
3.578326e+01	7.108340e+07
3.578326e+01	7.108198e+07
3.580510e+01	6.747558e+07
3.580510e+01	6.747555e+07
3.930049e+01	5.987589e+07
3.930049e+01	5.987615e+07
3.930378e+01	6.082451e+07
3.930378e+01	6.082512e+07
4.211451e+01	6.240780e+07
4.211451e+01	6.240857e+07
4.211785e+01	6.079944e+07
4.211785e+01	6.079830e+07
4.447841e+01	4.822146e+07
4.447841e+01	4.822151e+07
4.448812e+01	5.446098e+07
4.448812e+01	5.446105e+07
4.452651e+01	5.336122e+07
4.452651e+01	5.335909e+07
4.474483e+01	4.369767e+07
4.474483e+01	4.369775e+07
4.894276e+01	5.385204e+07
4.894276e+01	5.385202e+07
4.894673e+01	5.133135e+07
4.894673e+01	5.133127e+07
4.923445e+01	5.395340e+07
4.923445e+01	5.395327e+07
4.923868e+01	4.820309e+07
4.923868e+01	4.820227e+07
5.402118e+01	4.894179e+07
5.402118e+01	4.894190e+07
5.402408e+01	4.957222e+07
5.402408e+01	4.957223e+07
5.436561e+01	3.710645e+07
5.436561e+01	3.710690e+07
5.437096e+01	8.287665e+07
5.437096e+01	8.285912e+07
5.569044e+01	6.520644e+07
5.569044e+01	6.520633e+07
5.569282e+01	6.217759e+07
5.569282e+01	6.217759e+07
5.658472e+01	4.361934e+07
5.658472e+01	4.361934e+07
5.658494e+01	4.351464e+07
5.658494e+01	4.351464e+07
5.830472e+01	4.373335e+07
5.830472e+01	4.373334e+07
5.830583e+01	4.402453e+07
5.830583e+01	4.402456e+07
6.117692e+01	2.888142e+07
6.117692e+01	2.888123e+07
6.118198e+01	2.566700e+07
6.118198e+01	2.566669e+07
6.121003e+01	3.588706e+07
6.121003e+01	3.588710e+07
6.121037e+01	3.615897e+07
6.121037e+01	3.615908e+07
6.156578e+01	3.419592e+07
6.156579e+01	3.419580e+07
6.157694e+01	2.506750e+07
6.157694e+01	2.506735e+07
9.099529e+01	4.517915e+06
9.099529e+01	4.517915e+06
9.099530e+01	4.517032e+06
9.099530e+01	4.517032e+06
9.100667e+01	5.506355e+06
9.100667e+01	5.506355e+06
9.100667e+01	5.509514e+06
9.100667e+01	5.509514e+06
9.127117e+01	6.691106e+06
9.127117e+01	6.691105e+06
9.127120e+01	6.640059e+06
9.127120e+01	6.640058e+06
9.127948e+01	1.714410e+06
9.127948e+01	1.714410e+06
9.127949e+01	1.715562e+06
9.127949e+01	1.715562e+06
1.161424e+02	2.875935e+06
1.161424e+02	2.875935e+06
1.161672e+02	2.208243e+06
1.161672e+02	2.208243e+06
5.228149e-01	2.344034e+06
5.228149e-01	2.344034e+06
1.158834e+00	4.384495e+06
1.158834e+00	4.384495e+06
1.476082e+00	5.107251e+06
1.476082e+00	5.107251e+06
2.502680e+00	8.073842e+06
2.502680e+00	8.073842e+06
3.335334e+00	1.223350e+07
3.335334e+00	1.223350e+07
4.791040e+00	1.667936e+07
4.791040e+00	1.667936e+07
4.841132e+00	1.965730e+07
4.841132e+00	1.965730e+07
5.205002e+00	2.166233e+07
5.205002e+00	2.166233e+07
5.525987e+00	2.018039e+07
5.525987e+00	2.018039e+07
6.748454e+00	3.442669e+07
6.748454e+00	3.442669e+07
7.510602e+00	2.240466e+07
7.510602e+00	2.240466e+07
7.899649e+00	2.790058e+07
7.899649e+00	2.790058e+07
8.613053e+00	2.335496e+07
8.613053e+00	2.335496e+07
8.778608e+00	3.113053e+07
8.778608e+00	3.113053e+07
9.090853e+00	2.670755e+07
9.090853e+00	2.670755e+07
9.535463e+00	2.527440e+07
9.535463e+00	2.527440e+07
1.004577e+01	2.496319e+07
1.004577e+01	2.496319e+07
1.047442e+01	3.068589e+07
1.047442e+01	3.068589e+07
1.112954e+01	3.395628e+07
1.112954e+01	3.395628e+07
1.138507e+01	3.066206e+07
1.138507e+01	3.066206e+07
1.226750e+01	3.653614e+07
1.226750e+01	3.653614e+07
1.251599e+01	3.731198e+07
1.251599e+01	3.731198e+07
1.253921e+01	3.403515e+07
1.253921e+01	3.403515e+07
1.325077e+01	3.673886e+07
1.325077e+01	3.673886e+07
1.357706e+01	3.238817e+07
1.357706e+01	3.238817e+07
1.386761e+01	4.180975e+07
1.386761e+01	4.180975e+07
1.387973e+01	3.834463e+07
1.387973e+01	3.834463e+07
1.518564e+01	3.415842e+07
1.518564e+01	3.415842e+07
1.532394e+01	4.671528e+07
1.532394e+01	4.671528e+07
1.628521e+01	3.502131e+07
1.628521e+01	3.502131e+07
1.725051e+01	3.805602e+07
1.725051e+01	3.805602e+07
1.760371e+01	3.623548e+07
1.760371e+01	3.623548e+07
1.766002e+01	3.908670e+07
1.766002e+01	3.908670e+07
1.771995e+01	4.228966e+07
1.771995e+01	4.228966e+07
1.829882e+01	4.021207e+07
1.829882e+01	4.021207e+07
1.878861e+01	4.071761e+07
1.878861e+01	4.071761e+07
1.913131e+01	3.708982e+07
1.913131e+01	3.708982e+07
1.971989e+01	3.759030e+07
1.971989e+01	3.759030e+07
1.974738e+01	3.935485e+07
1.974738e+01	3.935485e+07
1.993600e+01	3.653579e+07
1.993600e+01	3.653579e+07
2.133450e+01	4.367743e+07
2.133450e+01	4.367743e+07
2.199744e+01	4.409146e+07
2.199744e+01	4.409146e+07
2.203961e+01	4.114676e+07
2.203961e+01	4.114676e+07
2.279838e+01	3.934541e+07
2.279838e+01	3.934541e+07
2.303840e+01	4.422755e+07
2.303840e+01	4.422755e+07
2.321726e+01	3.573673e+07
2.321726e+01	3.573673e+07
2.428596e+01	3.571732e+07
2.428596e+01	3.571732e+07
2.437561e+01	4.414525e+07
2.437561e+01	4.414525e+07
2.453813e+01	5.019664e+07
2.453813e+01	5.019664e+07
2.486220e+01	3.839738e+07
2.486220e+01	3.839738e+07
2.605968e+01	5.082231e+07
2.605968e+01	5.082231e+07
2.617729e+01	4.919162e+07
2.617729e+01	4.919162e+07
2.618056e+01	4.824881e+07
2.618056e+01	4.824881e+07
2.722101e+01	4.211576e+07
2.722101e+01	4.211576e+07
2.725163e+01	4.216454e+07
2.725163e+01	4.216454e+07
2.734723e+01	4.547353e+07
2.734723e+01	4.547353e+07
2.742445e+01	3.838105e+07
2.742445e+01	3.838105e+07
2.780238e+01	4.384247e+07
2.780238e+01	4.384247e+07
2.812894e+01	3.767606e+07
2.812894e+01	3.767606e+07
2.872168e+01	4.668719e+07
2.872168e+01	4.668719e+07
2.892956e+01	4.899744e+07
2.892956e+01	4.899744e+07
2.902130e+01	4.230693e+07
2.902130e+01	4.230693e+07
3.034696e+01	4.998955e+07
3.034696e+01	4.998955e+07
3.055241e+01	5.616753e+07
3.055241e+01	5.616753e+07
3.135143e+01	4.609158e+07
3.135143e+01	4.609158e+07
3.187805e+01	3.847002e+07
3.187805e+01	3.847002e+07
3.194122e+01	4.547386e+07
3.194122e+01	4.547386e+07
3.248079e+01	4.078124e+07
3.248079e+01	4.078124e+07
3.282789e+01	3.882926e+07
3.282789e+01	3.882926e+07
3.282998e+01	4.308251e+07
3.282998e+01	4.308251e+07
3.411908e+01	3.642009e+07
3.411908e+01	3.642009e+07
3.413589e+01	3.941484e+07
3.413589e+01	3.941484e+07
3.527166e+01	3.264991e+07
3.527166e+01	3.264991e+07
3.530255e+01	3.699042e+07
3.530255e+01	3.699042e+07
3.567987e+01	4.853433e+07
3.567987e+01	4.853433e+07
3.591172e+01	3.055870e+07
3.591172e+01	3.055870e+07
3.927728e+01	2.917755e+07
3.927728e+01	2.917755e+07
3.930501e+01	3.049167e+07
3.930501e+01	3.049167e+07
4.208205e+01	2.685830e+07
4.208205e+01	2.685830e+07
4.215611e+01	4.181730e+07
4.215611e+01	4.181730e+07
4.446696e+01	5.913141e+07
4.446696e+01	5.913141e+07
4.452213e+01	2.681581e+07
4.452213e+01	2.681581e+07
4.454178e+01	2.529232e+07
4.454178e+01	2.529232e+07
4.478854e+01	2.154667e+07
4.478854e+01	2.154667e+07
4.889646e+01	2.672811e+07
4.889646e+01	2.672811e+07
4.893331e+01	2.598544e+07
4.893331e+01	2.598544e+07
4.915628e+01	2.970758e+07
4.915628e+01	2.970758e+07
4.918631e+01	1.997165e+07
4.918631e+01	1.997165e+07
5.402698e+01	2.720971e+07
5.402698e+01	2.720971e+07
5.405888e+01	3.112865e+07
5.405888e+01	3.112865e+07
5.436481e+01	1.908712e+07
5.436481e+01	1.908712e+07
5.440676e+01	1.975425e+07
5.440676e+01	1.975425e+07
5.565975e+01	2.772734e+07
5.565975e+01	2.772734e+07
5.568590e+01	2.810081e+07
5.568590e+01	2.810081e+07
5.653072e+01	2.117104e+07
5.653072e+01	2.117104e+07
5.653334e+01	2.104533e+07
5.653334e+01	2.104533e+07
5.831943e+01	2.561193e+07
5.831943e+01	2.561193e+07
5.832942e+01	2.567999e+07
5.832942e+01	2.567999e+07
6.112957e+01	1.485341e+07
6.112957e+01	1.485341e+07
6.123428e+01	1.930957e+07
6.123428e+01	1.930957e+07
6.123767e+01	1.950489e+07
6.123767e+01	1.950489e+07
6.124049e+01	1.957505e+07
6.124049e+01	1.957505e+07
6.152143e+01	2.134041e+07
6.152143e+01	2.134041e+07
6.161328e+01	1.165222e+07
6.161328e+01	1.165222e+07
9.094690e+01	9.108525e+05
9.094690e+01	9.108525e+05
9.094690e+01	9.106664e+05
9.094690e+01	9.106664e+05
9.107070e+01	6.229637e+06
9.107070e+01	6.229637e+06
9.107071e+01	6.228191e+06
9.107071e+01	6.228191e+06
9.121654e+01	1.005858e+05
9.121654e+01	1.005858e+05
9.121654e+01	1.005890e+05
9.121654e+01	1.005890e+05
9.131847e+01	2.378279e+06
9.131847e+01	2.378279e+06
9.131847e+01	2.378382e+06
9.131847e+01	2.378382e+06
1.161372e+02	6.629071e+05
1.161372e+02	6.629071e+05
1.161724e+02	6.534551e+05
1.161724e+02	6.534551e+05
1.679753e+00	1.280773e+07
1.679753e+00	1.280773e+07
1.952552e+00	1.364244e+07
1.952552e+00	1.364244e+07
2.329180e+00	1.659390e+07
2.329180e+00	1.659390e+07
3.486425e+00	2.718294e+07
3.486425e+00	2.718294e+07
3.623260e+00	3.361663e+07
3.623260e+00	3.361663e+07
4.202964e+00	4.268340e+07
4.202964e+00	4.268340e+07
4.493498e+00	2.765188e+07
4.493498e+00	2.765188e+07
5.642198e+00	3.798550e+07
5.642198e+00	3.798550e+07
6.610864e+00	4.785304e+07
6.610864e+00	4.785304e+07
6.636495e+00	4.934461e+07
6.636495e+00	4.934461e+07
7.164727e+00	5.304457e+07
7.164727e+00	5.304457e+07
7.321009e+00	4.763444e+07
7.321009e+00	4.763444e+07
8.091639e+00	5.850551e+07
8.091639e+00	5.850551e+07
8.670376e+00	5.668324e+07
8.670376e+00	5.668324e+07
9.038296e+00	5.306604e+07
9.038296e+00	5.306604e+07
9.802751e+00	5.265904e+07
9.802751e+00	5.265904e+07
1.021395e+01	5.590924e+07
1.021395e+01	5.590924e+07
1.051301e+01	5.875966e+07
1.051301e+01	5.875966e+07
1.079013e+01	6.775765e+07
1.079013e+01	6.775765e+07
1.130889e+01	6.980663e+07
1.130889e+01	6.980662e+07
1.221173e+01	6.831524e+07
1.221173e+01	6.831524e+07
1.236165e+01	6.876378e+07
1.236165e+01	6.876378e+07
1.256959e+01	7.970331e+07
1.256959e+01	7.970331e+07
1.295856e+01	6.460218e+07
1.295856e+01	6.460218e+07
1.397299e+01	8.644443e+07
1.397299e+01	8.644443e+07
1.400595e+01	7.250037e+07
1.400595e+01	7.250037e+07
1.457311e+01	7.818866e+07
1.457311e+01	7.818866e+07
1.490125e+01	7.600816e+07
1.490125e+01	7.600816e+07
1.534215e+01	7.394957e+07
1.534215e+01	7.394957e+07
1.590009e+01	8.226939e+07
1.590009e+01	8.226939e+07
1.647235e+01	8.781199e+07
1.647235e+01	8.781199e+07
1.672546e+01	8.590759e+07
1.672546e+01	8.590759e+07
1.773476e+01	8.086117e+07
1.773476e+01	8.086117e+07
1.782527e+01	7.560167e+07
1.782527e+01	7.560167e+07
1.831025e+01	8.321692e+07
1.831025e+01	8.321692e+07
1.881526e+01	8.558587e+07
1.881526e+01	8.558587e+07
1.933160e+01	7.768516e+07
1.933160e+01	7.768516e+07
1.984267e+01	8.189136e+07
1.984267e+01	8.189136e+07
2.005313e+01	8.943869e+07
2.005313e+01	8.943869e+07
2.061017e+01	9.482126e+07
2.061017e+01	9.482126e+07
2.112616e+01	7.604335e+07
2.112616e+01	7.604335e+07
2.211589e+01	8.127231e+07
2.211589e+01	8.127231e+07
2.270585e+01	8.698673e+07
2.270585e+01	8.698673e+07
2.307950e+01	7.399499e+07
2.307950e+01	7.399499e+07
2.317380e+01	9.038605e+07
2.317380e+01	9.038605e+07
2.338224e+01	7.665288e+07
2.338224e+01	7.665288e+07
2.382483e+01	7.507815e+07
2.382483e+01	7.507815e+07
2.447239e+01	8.218387e+07
2.447239e+01	8.218387e+07
2.463897e+01	9.408754e+07
2.463897e+01	9.408754e+07
2.472108e+01	1.035454e+08
2.472108e+01	1.035454e+08
2.612756e+01	9.683377e+07
2.612756e+01	9.683377e+07
2.620432e+01	9.047995e+07
2.620432e+01	9.047994e+07
2.621559e+01	8.161234e+07
2.621559e+01	8.161234e+07
2.682689e+01	7.877895e+07
2.682689e+01	7.877895e+07
2.701998e+01	9.927120e+07
2.701998e+01	9.927120e+07
2.715094e+01	8.571101e+07
2.715094e+01	8.571101e+07
2.765442e+01	9.313104e+07
2.765442e+01	9.313104e+07
2.793112e+01	8.526457e+07
2.793112e+01	8.526457e+07
2.794936e+01	7.987591e+07
2.794936e+01	7.987591e+07
2.864902e+01	9.015143e+07
2.864902e+01	9.015143e+07
2.889781e+01	8.144184e+07
2.889781e+01	8.144184e+07
2.897713e+01	8.117300e+07
2.897713e+01	8.117301e+07
3.049357e+01	9.434792e+07
3.049357e+01	9.434792e+07
3.088343e+01	9.318030e+07
3.088343e+01	9.318030e+07
3.118995e+01	7.363878e+07
3.118995e+01	7.363878e+07
3.188571e+01	6.642787e+07
3.188571e+01	6.642787e+07
3.192322e+01	7.094273e+07
3.192322e+01	7.094273e+07
3.223223e+01	6.957293e+07
3.223223e+01	6.957293e+07
3.284799e+01	8.969724e+07
3.284799e+01	8.969724e+07
3.284958e+01	8.337419e+07
3.284958e+01	8.337419e+07
3.411198e+01	9.148118e+07
3.411198e+01	9.148118e+07
3.412394e+01	7.830420e+07
3.412394e+01	7.830420e+07
3.517672e+01	8.025582e+07
3.517672e+01	8.025582e+07
3.520016e+01	8.394658e+07
3.520016e+01	8.394657e+07
3.570952e+01	9.859636e+07
3.570952e+01	9.859636e+07
3.587313e+01	6.807740e+07
3.587313e+01	6.807740e+07
3.929238e+01	6.811042e+07
3.929238e+01	6.811042e+07
3.931209e+01	6.815905e+07
3.931209e+01	6.815905e+07
4.208998e+01	6.101301e+07
4.208998e+01	6.101301e+07
4.214221e+01	5.732054e+07
4.214221e+01	5.732054e+07
4.448055e+01	5.779141e+07
4.448055e+01	5.779141e+07
4.448426e+01	5.851286e+07
4.448426e+01	5.851286e+07
4.452815e+01	4.563621e+07
4.452815e+01	4.563621e+07
4.474481e+01	4.449720e+07
4.474481e+01	4.449720e+07
4.893204e+01	5.204912e+07
4.893204e+01	5.204912e+07
4.895841e+01	5.478131e+07
4.895841e+01	5.478131e+07
4.922535e+01	4.607768e+07
4.922535e+01	4.607768e+07
4.924682e+01	3.901546e+07
4.924682e+01	3.901546e+07
5.401173e+01	4.588796e+07
5.401173e+01	4.588796e+07
5.403447e+01	5.350431e+07
5.403447e+01	5.350431e+07
5.435290e+01	3.290538e+07
5.435290e+01	3.290538e+07
5.438275e+01	6.365789e+07
5.438275e+01	6.365789e+07
5.568240e+01	7.634646e+07
5.568240e+01	7.634646e+07
5.570089e+01	4.570926e+07
5.570089e+01	4.570926e+07
5.658390e+01	4.870585e+07
5.658390e+01	4.870585e+07
5.658574e+01	4.921430e+07
5.658574e+01	4.921430e+07
5.830169e+01	4.191733e+07
5.830169e+01	4.191733e+07
5.830886e+01	3.696741e+07
5.830886e+01	3.696741e+07
6.114540e+01	2.523862e+07
6.114540e+01	2.523862e+07
6.120886e+01	2.914890e+07
6.120886e+01	2.914890e+07
6.121124e+01	2.968688e+07
6.121124e+01	2.968688e+07
6.121979e+01	3.476026e+07
6.121979e+01	3.476026e+07
6.153590e+01	3.627013e+07
6.153590e+01	3.627013e+07
6.160082e+01	2.393685e+07
6.160082e+01	2.393685e+07
9.099529e+01	2.991672e+06
9.099529e+01	2.991672e+06
9.099530e+01	2.990521e+06
9.099530e+01	2.990521e+06
9.100667e+01	1.777933e+06
9.100667e+01	1.777933e+06
9.100667e+01	1.777962e+06
9.100667e+01	1.777962e+06
9.127119e+01	1.609809e+06
9.127119e+01	1.609809e+06
9.127119e+01	1.609820e+06
9.127119e+01	1.609820e+06
9.127948e+01	3.999655e+06
9.127948e+01	3.999655e+06
9.127948e+01	4.000232e+06
9.127948e+01	4.000232e+06
1.161424e+02	2.875888e+06
1.161424e+02	2.875888e+06
1.161672e+02	2.208296e+06
1.161672e+02	2.208296e+06
2.063432e+00	5.971910e+06
2.063432e+00	5.971910e+06
2.063432e+00	5.971910e+06
2.063432e+00	5.971910e+06
3.419596e+00	1.250513e+07
3.419596e+00	1.250513e+07
3.419596e+00	1.250513e+07
3.419596e+00	1.250513e+07
4.440657e+00	1.971429e+07
4.440657e+00	1.971429e+07
4.440657e+00	1.971429e+07
4.440657e+00	1.971429e+07
4.929326e+00	3.373170e+07
4.929326e+00	3.373170e+07
4.929326e+00	3.373170e+07
4.929326e+00	3.373170e+07
6.602244e+00	2.187550e+07
6.602244e+00	2.187550e+07
6.602244e+00	2.187550e+07
6.602244e+00	2.187550e+07
7.190159e+00	3.265523e+07
7.190159e+00	3.265523e+07
7.190159e+00	3.265523e+07
7.190159e+00	3.265523e+07
8.470173e+00	2.152452e+07
8.470173e+00	2.152452e+07
8.470173e+00	2.152452e+07
8.470173e+00	2.152452e+07
9.214778e+00	2.505445e+07
9.214778e+00	2.505445e+07
9.214778e+00	2.505445e+07
9.214778e+00	2.505445e+07
1.028869e+01	2.878053e+07
1.028869e+01	2.878053e+07
1.028869e+01	2.878052e+07
1.028869e+01	2.878052e+07
1.108139e+01	3.164893e+07
1.108139e+01	3.164893e+07
1.108139e+01	3.164893e+07
1.108139e+01	3.164893e+07
1.235558e+01	3.258724e+07
1.235558e+01	3.258724e+07
1.235558e+01	3.258724e+07
1.235558e+01	3.258724e+07
1.252561e+01	3.197918e+07
1.252561e+01	3.197918e+07
1.252561e+01	3.197918e+07
1.252561e+01	3.197918e+07
1.424007e+01	3.054508e+07
1.424007e+01	3.054508e+07
1.424007e+01	3.054508e+07
1.424007e+01	3.054508e+07
1.450907e+01	3.262639e+07
1.450907e+01	3.262639e+07
1.450907e+01	3.262639e+07
1.450907e+01	3.262639e+07
1.545912e+01	3.286283e+07
1.545912e+01	3.286283e+07
1.545912e+01	3.286283e+07
1.545912e+01	3.286283e+07
1.637982e+01	4.218600e+07
1.637982e+01	4.218600e+07
1.637982e+01	4.218600e+07
1.637982e+01	4.218600e+07
1.776017e+01	3.962804e+07
1.776017e+01	3.962804e+07
1.776017e+01	3.962804e+07
1.776017e+01	3.962804e+07
1.848159e+01	4.569044e+07
1.848159e+01	4.569044e+07
1.848159e+01	4.569044e+07
1.848159e+01	4.569044e+07
1.962044e+01	4.013595e+07
1.962044e+01	4.013595e+07
1.962044e+01	4.013595e+07
1.962044e+01	4.013595e+07
2.069035e+01	4.093310e+07
2.069035e+01	4.093310e+07
2.069035e+01	4.093310e+07
2.069035e+01	4.093310e+07
2.226247e+01	4.080546e+07
2.226247e+01	4.080546e+07
2.226247e+01	4.080546e+07
2.226247e+01	4.080546e+07
2.245533e+01	3.999123e+07
2.245533e+01	3.999123e+07
2.245533e+01	3.999123e+07
2.245533e+01	3.999123e+07
2.315169e+01	3.902341e+07
2.315169e+01	3.902341e+07
2.315169e+01	3.902341e+07
2.315169e+01	3.902341e+07
2.457472e+01	5.426440e+07
2.457472e+01	5.426440e+07
2.457472e+01	5.426440e+07
2.457472e+01	5.426440e+07
2.502192e+01	3.970782e+07
2.502192e+01	3.970782e+07
2.502192e+01	3.970782e+07
2.502192e+01	3.970782e+07
2.592465e+01	4.297378e+07
2.592465e+01	4.297378e+07
2.592465e+01	4.297378e+07
2.592465e+01	4.297378e+07
2.622877e+01	4.304402e+07
2.622877e+01	4.304402e+07
2.622877e+01	4.304402e+07
2.622877e+01	4.304402e+07
2.697643e+01	3.934691e+07
2.697643e+01	3.934691e+07
2.697643e+01	3.934691e+07
2.697643e+01	3.934691e+07
2.771509e+01	4.172662e+07
2.771509e+01	4.172662e+07
2.771509e+01	4.172662e+07
2.771509e+01	4.172662e+07
2.837043e+01	4.786473e+07
2.837043e+01	4.786473e+07
2.837043e+01	4.786473e+07
2.837043e+01	4.786473e+07
2.890747e+01	4.096539e+07
2.890747e+01	4.096539e+07
2.890747e+01	4.096539e+07
2.890747e+01	4.096539e+07
3.082736e+01	3.696652e+07
3.082736e+01	3.696652e+07
3.082736e+01	3.696652e+07
3.082736e+01	3.696652e+07
3.158136e+01	3.755499e+07
3.158136e+01	3.755499e+07
3.158136e+01	3.755499e+07
3.158136e+01	3.755499e+07
3.191321e+01	3.860427e+07
3.191321e+01	3.860427e+07
3.191321e+01	3.860427e+07
3.191321e+01	3.860427e+07
3.286880e+01	3.937806e+07
3.286880e+01	3.937806e+07
3.286880e+01	3.937806e+07
3.286880e+01	3.937806e+07
3.410819e+01	3.675172e+07
3.410819e+01	3.675172e+07
3.410819e+01	3.675172e+07
3.410819e+01	3.675172e+07
3.508923e+01	3.829089e+07
3.508923e+01	3.829089e+07
3.508923e+01	3.829089e+07
3.508923e+01	3.829089e+07
3.578693e+01	4.768557e+07
3.578693e+01	4.768557e+07
3.578693e+01	4.768557e+07
3.578693e+01	4.768557e+07
3.931341e+01	3.141009e+07
3.931341e+01	3.141009e+07
3.931341e+01	3.141009e+07
3.931341e+01	3.141009e+07
4.211312e+01	2.925643e+07
4.211312e+01	2.925643e+07
4.211312e+01	2.925643e+07
4.211312e+01	2.925643e+07
4.444251e+01	3.494186e+07
4.444251e+01	3.494186e+07
4.444251e+01	3.494186e+07
4.444251e+01	3.494186e+07
4.463606e+01	2.683060e+07
4.463606e+01	2.683060e+07
4.463606e+01	2.683059e+07
4.463606e+01	2.683059e+07
4.897494e+01	2.621382e+07
4.897494e+01	2.621382e+07
4.897494e+01	2.621382e+07
4.897494e+01	2.621382e+07
4.930073e+01	2.087743e+07
4.930073e+01	2.087743e+07
4.930073e+01	2.087743e+07
4.930073e+01	2.087743e+07
5.400315e+01	2.769168e+07
5.400315e+01	2.769168e+07
5.400315e+01	2.769168e+07
5.400315e+01	2.769168e+07
5.435051e+01	1.822329e+07
5.435051e+01	1.822329e+07
5.435051e+01	1.822329e+07
5.435051e+01	1.822329e+07
5.571051e+01	2.647656e+07
5.571051e+01	2.647656e+07
5.571051e+01	2.647656e+07
5.571051e+01	2.647656e+07
5.663748e+01	3.043646e+07
5.663748e+01	3.043646e+07
5.663748e+01	3.043646e+07
5.663748e+01	3.043646e+07
5.828587e+01	3.050353e+07
5.828587e+01	3.050353e+07
5.828587e+01	3.050353e+07
5.828587e+01	3.050353e+07
6.117915e+01	1.522937e+07
6.117915e+01	1.522937e+07
6.117915e+01	1.522937e+07
6.117915e+01	1.522937e+07
6.118462e+01	1.532359e+07
6.118462e+01	1.532359e+07
6.118462e+01	1.532359e+07
6.118462e+01	1.532359e+07
6.156936e+01	1.314858e+07
6.156936e+01	1.314858e+07
6.156936e+01	1.314858e+07
6.156936e+01	1.314858e+07
9.096392e+01	9.174624e+05
9.096392e+01	9.174624e+05
9.096392e+01	9.174624e+05
9.096392e+01	9.174624e+05
9.107427e+01	4.272486e+06
9.107427e+01	4.272486e+06
9.107427e+01	4.272486e+06
9.107427e+01	4.272486e+06
9.119332e+01	8.657565e+05
9.119332e+01	8.657564e+05
9.119332e+01	8.657564e+05
9.119332e+01	8.657564e+05
9.132113e+01	3.004247e+06
9.132113e+01	3.004247e+06
9.132113e+01	3.004247e+06
9.132113e+01	3.004247e+06
1.161548e+02	6.467607e+05
1.161548e+02	6.467607e+05
1.161548e+02	6.467607e+05
1.161548e+02	6.467607e+05
1.679753e+00	1.280773e+07
1.679753e+00	1.280773e+07
1.952552e+00	1.364244e+07
1.952552e+00	1.364244e+07
2.329180e+00	1.659390e+07
2.329180e+00	1.659390e+07
3.486425e+00	2.718294e+07
3.486425e+00	2.718294e+07
3.623260e+00	3.361663e+07
3.623260e+00	3.361663e+07
4.202964e+00	4.268340e+07
4.202964e+00	4.268340e+07
4.493498e+00	2.765188e+07
4.493498e+00	2.765188e+07
5.642198e+00	3.798550e+07
5.642198e+00	3.798550e+07
6.610864e+00	4.785304e+07
6.610864e+00	4.785304e+07
6.636495e+00	4.934461e+07
6.636495e+00	4.934461e+07
7.164727e+00	5.304457e+07
7.164727e+00	5.304457e+07
7.321009e+00	4.763444e+07
7.321009e+00	4.763444e+07
8.091639e+00	5.850551e+07
8.091639e+00	5.850551e+07
8.670376e+00	5.668324e+07
8.670376e+00	5.668324e+07
9.038296e+00	5.306604e+07
9.038296e+00	5.306604e+07
9.802751e+00	5.265904e+07
9.802751e+00	5.265904e+07
1.021395e+01	5.590924e+07
1.021395e+01	5.590924e+07
1.051301e+01	5.875966e+07
1.051301e+01	5.875966e+07
1.079013e+01	6.775765e+07
1.079013e+01	6.775765e+07
1.130889e+01	6.980663e+07
1.130889e+01	6.980662e+07
1.221173e+01	6.831524e+07
1.221173e+01	6.831524e+07
1.236165e+01	6.876378e+07
1.236165e+01	6.876378e+07
1.256959e+01	7.970331e+07
1.256959e+01	7.970331e+07
1.295856e+01	6.460218e+07
1.295856e+01	6.460218e+07
1.397299e+01	8.644443e+07
1.397299e+01	8.644443e+07
1.400595e+01	7.250037e+07
1.400595e+01	7.250037e+07
1.457311e+01	7.818866e+07
1.457311e+01	7.818866e+07
1.490125e+01	7.600816e+07
1.490125e+01	7.600816e+07
1.534215e+01	7.394957e+07
1.534215e+01	7.394957e+07
1.590009e+01	8.226939e+07
1.590009e+01	8.226939e+07
1.647235e+01	8.781199e+07
1.647235e+01	8.781199e+07
1.672546e+01	8.590759e+07
1.672546e+01	8.590759e+07
1.773476e+01	8.086117e+07
1.773476e+01	8.086117e+07
1.782527e+01	7.560167e+07
1.782527e+01	7.560167e+07
1.831025e+01	8.321692e+07
1.831025e+01	8.321692e+07
1.881526e+01	8.558587e+07
1.881526e+01	8.558587e+07
1.933160e+01	7.768516e+07
1.933160e+01	7.768516e+07
1.984267e+01	8.189136e+07
1.984267e+01	8.189136e+07
2.005313e+01	8.943869e+07
2.005313e+01	8.943869e+07
2.061017e+01	9.482126e+07
2.061017e+01	9.482126e+07
2.112616e+01	7.604335e+07
2.112616e+01	7.604335e+07
2.211589e+01	8.127231e+07
2.211589e+01	8.127231e+07
2.270585e+01	8.698673e+07
2.270585e+01	8.698673e+07
2.307950e+01	7.399499e+07
2.307950e+01	7.399499e+07
2.317380e+01	9.038605e+07
2.317380e+01	9.038605e+07
2.338224e+01	7.665288e+07
2.338224e+01	7.665288e+07
2.382483e+01	7.507815e+07
2.382483e+01	7.507815e+07
2.447239e+01	8.218387e+07
2.447239e+01	8.218387e+07
2.463897e+01	9.408754e+07
2.463897e+01	9.408754e+07
2.472108e+01	1.035454e+08
2.472108e+01	1.035454e+08
2.612756e+01	9.683377e+07
2.612756e+01	9.683377e+07
2.620432e+01	9.047995e+07
2.620432e+01	9.047994e+07
2.621559e+01	8.161234e+07
2.621559e+01	8.161234e+07
2.682689e+01	7.877895e+07
2.682689e+01	7.877895e+07
2.701998e+01	9.927120e+07
2.701998e+01	9.927120e+07
2.715094e+01	8.571101e+07
2.715094e+01	8.571101e+07
2.765442e+01	9.313104e+07
2.765442e+01	9.313104e+07
2.793112e+01	8.526457e+07
2.793112e+01	8.526457e+07
2.794936e+01	7.987591e+07
2.794936e+01	7.987591e+07
2.864902e+01	9.015143e+07
2.864902e+01	9.015143e+07
2.889781e+01	8.144184e+07
2.889781e+01	8.144184e+07
2.897713e+01	8.117300e+07
2.897713e+01	8.117301e+07
3.049357e+01	9.434792e+07
3.049357e+01	9.434792e+07
3.088343e+01	9.318030e+07
3.088343e+01	9.318030e+07
3.118995e+01	7.363878e+07
3.118995e+01	7.363878e+07
3.188571e+01	6.642787e+07
3.188571e+01	6.642787e+07
3.192322e+01	7.094273e+07
3.192322e+01	7.094273e+07
3.223223e+01	6.957293e+07
3.223223e+01	6.957293e+07
3.284799e+01	8.969724e+07
3.284799e+01	8.969724e+07
3.284958e+01	8.337419e+07
3.284958e+01	8.337419e+07
3.411198e+01	9.148118e+07
3.411198e+01	9.148118e+07
3.412394e+01	7.830420e+07
3.412394e+01	7.830420e+07
3.517672e+01	8.025582e+07
3.517672e+01	8.025582e+07
3.520016e+01	8.394658e+07
3.520016e+01	8.394657e+07
3.570952e+01	9.859636e+07
3.570952e+01	9.859636e+07
3.587313e+01	6.807740e+07
3.587313e+01	6.807740e+07
3.929238e+01	6.811042e+07
3.929238e+01	6.811042e+07
3.931209e+01	6.815905e+07
3.931209e+01	6.815905e+07
4.208998e+01	6.101301e+07
4.208998e+01	6.101301e+07
4.214221e+01	5.732054e+07
4.214221e+01	5.732054e+07
4.448055e+01	5.779141e+07
4.448055e+01	5.779141e+07
4.448426e+01	5.851286e+07
4.448426e+01	5.851286e+07
4.452815e+01	4.563621e+07
4.452815e+01	4.563621e+07
4.474481e+01	4.449720e+07
4.474481e+01	4.449720e+07
4.893204e+01	5.204912e+07
4.893204e+01	5.204912e+07
4.895841e+01	5.478131e+07
4.895841e+01	5.478131e+07
4.922535e+01	4.607768e+07
4.922535e+01	4.607768e+07
4.924682e+01	3.901546e+07
4.924682e+01	3.901546e+07
5.401173e+01	4.588796e+07
5.401173e+01	4.588796e+07
5.403447e+01	5.350431e+07
5.403447e+01	5.350431e+07
5.435290e+01	3.290538e+07
5.435290e+01	3.290538e+07
5.438275e+01	6.365789e+07
5.438275e+01	6.365789e+07
5.568240e+01	7.634646e+07
5.568240e+01	7.634646e+07
5.570089e+01	4.570926e+07
5.570089e+01	4.570926e+07
5.658390e+01	4.870585e+07
5.658390e+01	4.870585e+07
5.658574e+01	4.921430e+07
5.658574e+01	4.921430e+07
5.830169e+01	4.191733e+07
5.830169e+01	4.191733e+07
5.830886e+01	3.696741e+07
5.830886e+01	3.696741e+07
6.114540e+01	2.523862e+07
6.114540e+01	2.523862e+07
6.120886e+01	2.914890e+07
6.120886e+01	2.914890e+07
6.121124e+01	2.968688e+07
6.121124e+01	2.968688e+07
6.121979e+01	3.476026e+07
6.121979e+01	3.476026e+07
6.153590e+01	3.627013e+07
6.153590e+01	3.627013e+07
6.160082e+01	2.393685e+07
6.160082e+01	2.393685e+07
9.099529e+01	2.991672e+06
9.099529e+01	2.991672e+06
9.099530e+01	2.990521e+06
9.099530e+01	2.990521e+06
9.100667e+01	1.777933e+06
9.100667e+01	1.777933e+06
9.100667e+01	1.777962e+06
9.100667e+01	1.777962e+06
9.127119e+01	1.609809e+06
9.127119e+01	1.609809e+06
9.127119e+01	1.609820e+06
9.127119e+01	1.609820e+06
9.127948e+01	3.999655e+06
9.127948e+01	3.999655e+06
9.127948e+01	4.000232e+06
9.127948e+01	4.000232e+06
1.161424e+02	2.875888e+06
1.161424e+02	2.875888e+06
1.161672e+02	2.208296e+06
1.161672e+02	2.208296e+06
