# Frequency(THz) PDOS
0.159155 0.000673
0.318310 0.000775
0.477465 0.001015
0.636620 0.001397
0.795775 0.001822
0.954930 0.002120
1.114085 0.002181
1.273240 0.002083
1.432394 0.002118
1.591549 0.002642
1.750704 0.003823
1.909859 0.005461
2.069014 0.007074
2.228169 0.008318
2.387324 0.009567
2.546479 0.012293
2.705634 0.018858
2.864789 0.031615
3.023944 0.051590
3.183099 0.077367
3.342254 0.104849
3.501409 0.128200
3.660564 0.141733
3.819719 0.141951
3.978874 0.128855
4.138029 0.105901
4.297183 0.078666
4.456338 0.052832
4.615493 0.032422
4.774648 0.018941
4.933803 0.011640
5.092958 0.008520
5.252113 0.007472
5.411268 0.007032
5.570423 0.006558
5.729578 0.005979
5.888733 0.005419
6.047888 0.004948
6.207043 0.004535
6.366198 0.004120
6.525353 0.003683
6.684508 0.003264
6.843663 0.002923
7.002817 0.002709
7.161972 0.002646
7.321127 0.002728
7.480282 0.002911
7.639437 0.003114
7.798592 0.003254
7.957747 0.003312
8.116902 0.003393
8.276057 0.003705
8.435212 0.004422
8.594367 0.005517
8.753522 0.006709
8.912677 0.007651
9.071832 0.008337
9.230987 0.009491
9.390142 0.012626
9.549297 0.019564
9.708452 0.031502
9.867606 0.048064
10.026761 0.066853
10.185916 0.083900
10.345071 0.094922
10.504226 0.096894
10.663381 0.089219
10.822536 0.073949
10.981691 0.054964
11.140846 0.036537
11.300001 0.021929
11.459156 0.012603
11.618311 0.008266
11.777466 0.007521
11.936621 0.008703
12.095776 0.010482
12.254931 0.012069
12.414086 0.013106
12.573241 0.013464
12.732395 0.013107
12.891550 0.012075
13.050705 0.010527
13.209860 0.008733
13.369015 0.007012
13.528170 0.005628
13.687325 0.004710
13.846480 0.004231
14.005635 0.004029
14.164790 0.003856
14.323945 0.003460
14.483100 0.002700
14.642255 0.001707
14.801410 0.000993
14.960565 0.001424
15.119720 0.003956
15.278875 0.009178
15.438029 0.016862
15.597184 0.025755
15.756339 0.033824
15.915494 0.038903
16.074649 0.039505
16.233804 0.035417
16.392959 0.027795
16.552114 0.018700
16.711269 0.010301
16.870424 0.004126
17.029579 0.000668
17.188734 -0.000524
17.347889 -0.000403
17.507044 0.000095
17.666199 0.000403
17.825354 0.000391
17.984509 0.000204
18.143664 0.000043
18.302818 0.000004
18.461973 0.000062
18.621128 0.000132
18.780283 0.000153
18.939438 0.000126
19.098593 0.000090
19.257748 0.000083
19.416903 0.000109
19.576058 0.000145
19.735213 0.000165
19.894368 0.000156
20.053523 0.000130
20.212678 0.000106
20.371833 0.000096
20.530988 0.000101
20.690143 0.000113
20.849298 0.000123
21.008452 0.000131
21.167607 0.000136
21.326762 0.000140
21.485917 0.000140
21.645072 0.000132
21.804227 0.000113
21.963382 0.000089
22.122537 0.000065
22.281692 0.000051
22.440847 0.000049
22.600002 0.000055
22.759157 0.000064
22.918312 0.000068
23.077467 0.000065
23.236622 0.000058
23.395777 0.000049
23.554932 0.000043
23.714087 0.000040
23.873241 0.000038
24.032396 0.000035
24.191551 0.000032
24.350706 0.000030
24.509861 0.000030
24.669016 0.000033
24.828171 0.000036
24.987326 0.000037
25.146481 0.000035
25.305636 0.000032
25.464791 0.000032
25.623946 0.000036
25.783101 0.000043
25.942256 0.000048
26.101411 0.000048
26.260566 0.000045
26.419721 0.000044
26.578875 0.000050
26.738030 0.000063
26.897185 0.000079
27.056340 0.000092
27.215495 0.000099
27.374650 0.000104
27.533805 0.000112
27.692960 0.000123
27.852115 0.000130
28.011270 0.000123
28.170425 0.000099
28.329580 0.000068
28.488735 0.000048
28.647890 0.000050
28.807045 0.000070
28.966200 0.000091
29.125355 0.000095
29.284510 0.000085
29.443664 0.000082
29.602819 0.000107
29.761974 0.000161
29.921129 0.000216
30.080284 0.000234
30.239439 0.000203
30.398594 0.000157
30.557749 0.000148
30.716904 0.000205
30.876059 0.000285
31.035214 0.000302
31.194369 0.000200
31.353524 0.000030
31.512679 -0.000053
31.671834 0.000097
31.830989 0.000446
31.990144 0.000713
32.149299 0.000525
32.308453 -0.000206
32.467608 -0.000874
32.626763 -0.000042
32.785918 0.004189
32.945073 0.013325
33.104228 0.027490
33.263383 0.044826
33.422538 0.061711
33.581693 0.073851
33.740848 0.077841
33.900003 0.072500
34.059158 0.059358
34.218313 0.042044
34.377468 0.024880
34.536623 0.011333
34.695778 0.003005
34.854933 -0.000476
35.014087 -0.000777
35.173242 0.000165
35.332397 0.000963
35.491552 0.001101
35.650707 0.000745
35.809862 0.000309
35.969017 0.000085
36.128172 0.000104
36.287327 0.000217
36.446482 0.000272
36.605637 0.000220
36.764792 0.000119
36.923947 0.000050
37.083102 0.000050
37.242257 0.000101
37.401412 0.000162
37.560567 0.000212
37.719722 0.000267
37.878876 0.000350
38.038031 0.000465
38.197186 0.000577
38.356341 0.000637
38.515496 0.000616
38.674651 0.000519
38.833806 0.000384
38.992961 0.000257
39.152116 0.000167
39.311271 0.000117
39.470426 0.000093
39.629581 0.000081
39.788736 0.000071
39.947891 0.000063
40.107046 0.000059
40.266201 0.000057
40.425356 0.000053
40.584510 0.000046
40.743665 0.000037
40.902820 0.000029
41.061975 0.000023
41.221130 0.000021
41.380285 0.000022
41.539440 0.000032
41.698595 0.000060
41.857750 0.000113
42.016905 0.000191
42.176060 0.000283
42.335215 0.000368
42.494370 0.000424
42.653525 0.000436
42.812680 0.000406
42.971835 0.000344
43.130990 0.000272
43.290145 0.000206
43.449299 0.000158
43.608454 0.000130
43.767609 0.000117
43.926764 0.000111
44.085919 0.000110
44.245074 0.000111
44.404229 0.000116
44.563384 0.000124
44.722539 0.000131
44.881694 0.000133
45.040849 0.000128
45.200004 0.000118
45.359159 0.000109
45.518314 0.000106
45.677469 0.000108
45.836624 0.000106
45.995779 0.000099
46.154933 0.000095
46.314088 0.000111
46.473243 0.000160
46.632398 0.000232
46.791553 0.000286
46.950708 0.000269
47.109863 0.000169
47.269018 0.000068
47.428173 0.000156
47.587328 0.000682
47.746483 0.001845
47.905638 0.003663
48.064793 0.005895
48.223948 0.008073
48.383103 0.009642
48.542258 0.010164
48.701413 0.009487
48.860568 0.007806
49.019722 0.005587
49.178877 0.003381
49.338032 0.001628
49.497187 0.000535
49.656342 0.000054
49.815497 -0.000023
49.974652 0.000065
50.133807 0.000144
50.292962 0.000151
50.452117 0.000107
50.611272 0.000059
50.770427 0.000041
50.929582 0.000050
51.088737 0.000067
51.247892 0.000071
51.407047 0.000060
51.566202 0.000044
51.725357 0.000033
51.884511 0.000032
52.043666 0.000037
52.202821 0.000040
52.361976 0.000038
52.521131 0.000032
52.680286 0.000027
52.839441 0.000026
52.998596 0.000025
53.157751 0.000022
53.316906 0.000020
53.476061 0.000028
53.635216 0.000055
53.794371 0.000106
53.953526 0.000173
54.112681 0.000243
54.271836 0.000298
54.430991 0.000328
54.590145 0.000335
54.749300 0.000320
54.908455 0.000284
55.067610 0.000226
55.226765 0.000153
55.385920 0.000096
55.545075 0.000125
55.704230 0.000335
55.863385 0.000812
56.022540 0.001583
56.181695 0.002580
56.340850 0.003630
56.500005 0.004503
56.659160 0.004982
56.818315 0.004941
56.977470 0.004396
57.136625 0.003496
57.295780 0.002466
57.454934 0.001527
57.614089 0.000825
57.773244 0.000404
57.932399 0.000215
58.091554 0.000165
58.250709 0.000163
58.409864 0.000155
58.569019 0.000128
58.728174 0.000091
58.887329 0.000062
59.046484 0.000049
59.205639 0.000047
59.364794 0.000049
59.523949 0.000048
59.683104 0.000045
59.842259 0.000041
60.001414 0.000039
60.160568 0.000038
60.319723 0.000036
60.478878 0.000033
60.638033 0.000027
60.797188 0.000022
60.956343 0.000018
61.115498 0.000016
61.274653 0.000015
61.433808 0.000014
61.592963 0.000013
61.752118 0.000012
61.911273 0.000012
62.070428 0.000014
62.229583 0.000018
62.388738 0.000022
62.547893 0.000025
62.707048 0.000027
62.866203 0.000027
63.025357 0.000026
63.184512 0.000023
63.343667 0.000019
63.502822 0.000015
63.661977 0.000010
63.821132 0.000007
63.980287 0.000006
64.139442 0.000006
64.298597 0.000006
64.457752 0.000006
64.616907 0.000005
64.776062 0.000004
64.935217 0.000004
65.094372 0.000004
65.253527 0.000004
65.412682 0.000003
65.571837 0.000003
65.730991 0.000003
65.890146 0.000002
66.049301 0.000002
66.208456 0.000003
66.367611 0.000003
66.526766 0.000003
66.685921 0.000002
66.845076 0.000002
67.004231 0.000002
67.163386 0.000002
67.322541 0.000003
67.481696 0.000003
67.640851 0.000004
67.800006 0.000004
67.959161 0.000005
68.118316 0.000005
68.277471 0.000005
68.436626 0.000005
68.595780 0.000004
68.754935 0.000003
68.914090 0.000003
69.073245 0.000003
69.232400 0.000003
69.391555 0.000003
69.550710 0.000003
69.709865 0.000003
69.869020 0.000004
70.028175 0.000004
70.187330 0.000005
70.346485 0.000006
70.505640 0.000007
70.664795 0.000008
70.823950 0.000009
70.983105 0.000009
71.142260 0.000009
71.301415 0.000009
71.460569 0.000007
71.619724 0.000006
71.778879 0.000004
71.938034 0.000003
72.097189 0.000002
72.256344 0.000002
72.415499 0.000002
72.574654 0.000002
72.733809 0.000003
72.892964 0.000003
73.052119 0.000003
73.211274 0.000003
73.370429 0.000003
73.529584 0.000002
73.688739 0.000002
73.847894 0.000002
74.007049 0.000001
74.166203 0.000001
74.325358 0.000001
74.484513 0.000001
74.643668 0.000001
74.802823 0.000001
74.961978 0.000001
75.121133 0.000001
75.280288 0.000002
75.439443 0.000002
75.598598 0.000002
75.757753 0.000003
75.916908 0.000003
76.076063 0.000004
76.235218 0.000004
76.394373 0.000004
76.553528 0.000003
76.712683 0.000003
76.871838 0.000002
77.030992 0.000002
77.190147 0.000002
77.349302 0.000002
77.508457 0.000001
77.667612 0.000001
77.826767 0.000001
77.985922 0.000001
78.145077 0.000001
78.304232 0.000001
78.463387 0.000001
78.622542 0.000001
78.781697 0.000001
78.940852 0.000001
79.100007 0.000001
79.259162 0.000001
79.418317 0.000001
79.577472 0.000002
79.736626 0.000002
79.895781 0.000002
80.054936 0.000002
80.214091 0.000002
80.373246 0.000002
80.532401 0.000002
80.691556 0.000002
80.850711 0.000001
81.009866 0.000001
81.169021 0.000001
81.328176 0.000001
81.487331 0.000001
81.646486 0.000001
81.805641 0.000001
81.964796 0.000001
82.123951 0.000001
82.283106 0.000001
82.442261 0.000001
82.601415 0.000001
82.760570 0.000001
82.919725 0.000001
83.078880 0.000001
83.238035 0.000001
83.397190 0.000001
83.556345 0.000001
83.715500 0.000001
83.874655 0.000001
84.033810 0.000000
84.192965 0.000000
84.352120 0.000000
84.511275 0.000000
84.670430 0.000000
84.829585 0.000000
84.988740 0.000000
85.147895 0.000000
85.307049 0.000000
85.466204 0.000000
85.625359 0.000000
85.784514 0.000000
85.943669 0.000000
86.102824 0.000000
86.261979 0.000000
86.421134 0.000001
86.580289 0.000000
86.739444 0.000000
86.898599 0.000000
87.057754 0.000000
87.216909 0.000001
87.376064 0.000001
87.535219 0.000001
87.694374 0.000001
87.853529 0.000001
88.012684 0.000002
88.171838 0.000002
88.330993 0.000002
88.490148 0.000002
88.649303 0.000002
88.808458 0.000001
88.967613 0.000001
89.126768 0.000001
89.285923 0.000001
89.445078 0.000001
89.604233 0.000001
89.763388 0.000001
89.922543 0.000000
90.081698 0.000000
90.240853 0.000000
90.400008 0.000001
90.559163 0.000004
90.718318 0.000008
90.877473 0.000013
91.036627 0.000018
91.195782 0.000022
91.354937 0.000023
91.514092 0.000022
91.673247 0.000018
91.832402 0.000013
91.991557 0.000008
92.150712 0.000004
92.309867 0.000002
92.469022 0.000000
92.628177 -0.000000
92.787332 0.000000
92.946487 0.000000
93.105642 0.000000
93.264797 0.000000
93.423952 0.000000
93.583107 0.000000
93.742261 0.000000
93.901416 0.000000
94.060571 0.000000
94.219726 0.000000
94.378881 0.000000
94.538036 0.000000
94.697191 0.000000
94.856346 0.000000
95.015501 0.000000
95.174656 0.000000
95.333811 0.000000
95.492966 0.000000
95.652121 0.000000
95.811276 0.000000
95.970431 0.000000
96.129586 0.000000
96.288741 0.000000
96.447896 0.000000
96.607050 0.000000
96.766205 0.000000
96.925360 0.000000
97.084515 0.000000
97.243670 0.000000
97.402825 0.000000
97.561980 0.000000
97.721135 0.000000
97.880290 0.000000
98.039445 0.000000
98.198600 0.000000
98.357755 0.000000
98.516910 0.000000
98.676065 0.000000
98.835220 0.000000
98.994375 0.000000
99.153530 0.000000
99.312684 0.000000
99.471839 0.000000
99.630994 0.000000
99.790149 0.000000
99.949304 0.000000
100.108459 0.000000
100.267614 0.000000
100.426769 0.000000
100.585924 0.000000
100.745079 0.000000
100.904234 0.000000
101.063389 0.000000
101.222544 0.000000
101.381699 0.000000
101.540854 0.000000
101.700009 0.000000
101.859164 0.000000
102.018319 0.000000
102.177473 0.000000
102.336628 0.000000
102.495783 0.000000
102.654938 0.000000
102.814093 0.000000
102.973248 0.000000
103.132403 0.000000
103.291558 0.000000
103.450713 0.000000
103.609868 0.000000
103.769023 0.000000
103.928178 0.000000
104.087333 0.000000
104.246488 0.000000
104.405643 0.000000
104.564798 0.000000
104.723953 0.000000
104.883107 0.000000
105.042262 0.000000
105.201417 0.000000
105.360572 0.000000
105.519727 0.000000
105.678882 0.000001
105.838037 0.000001
105.997192 0.000001
106.156347 0.000001
106.315502 0.000001
106.474657 0.000001
106.633812 0.000001
106.792967 0.000000
106.952122 0.000000
107.111277 0.000000
107.270432 0.000000
107.429587 0.000000
107.588742 0.000000
107.747896 0.000000
107.907051 0.000000
108.066206 0.000000
108.225361 0.000000
108.384516 0.000000
108.543671 0.000000
108.702826 0.000000
108.861981 0.000000
109.021136 0.000000
109.180291 0.000000
109.339446 0.000000
109.498601 0.000000
109.657756 0.000000
109.816911 0.000000
109.976066 0.000000
110.135221 0.000000
110.294376 0.000000
110.453531 0.000000
110.612685 0.000000
110.771840 0.000000
110.930995 0.000000
111.090150 0.000000
111.249305 0.000000
111.408460 0.000000
111.567615 0.000000
111.726770 0.000000
111.885925 0.000001
112.045080 0.000001
112.204235 0.000001
112.363390 0.000001
112.522545 0.000001
112.681700 0.000001
112.840855 0.000001
113.000010 0.000001
113.159165 0.000001
113.318319 0.000000
113.477474 0.000000
113.636629 0.000000
113.795784 0.000000
113.954939 0.000000
114.114094 0.000001
114.273249 0.000001
114.432404 0.000001
114.591559 0.000001
114.750714 0.000000
114.909869 0.000000
115.069024 0.000000
115.228179 0.000000
115.387334 0.000000
115.546489 0.000000
115.705644 0.000000
115.864799 0.000000
116.023954 0.000000
116.183108 0.000000
116.342263 0.000000
116.501418 0.000000
116.660573 0.000000
116.819728 0.000000
116.978883 0.000000
117.138038 0.000000
117.297193 0.000000
117.456348 0.000000
117.615503 0.000000
117.774658 0.000000
117.933813 0.000000
118.092968 0.000000
118.252123 0.000000
118.411278 0.000000
118.570433 0.000000
118.729588 0.000000
118.888742 0.000000
119.047897 0.000000
119.207052 0.000000
119.366207 0.000000
119.525362 0.000000
119.684517 0.000000
119.843672 0.000000
120.002827 0.000001
120.161982 0.000001
120.321137 0.000002
120.480292 0.000002
120.639447 0.000002
120.798602 0.000002
120.957757 0.000002
121.116912 0.000002
121.276067 0.000001
121.435222 0.000001
121.594377 0.000000
121.753531 0.000000
121.912686 0.000000
122.071841 0.000001
122.230996 0.000001
122.390151 0.000001
122.549306 0.000001
122.708461 0.000001
122.867616 0.000001
123.026771 0.000001
123.185926 0.000001
123.345081 0.000001
123.504236 0.000000
123.663391 0.000000
123.822546 0.000000
123.981701 0.000000
124.140856 0.000000
124.300011 0.000000
124.459165 0.000000
124.618320 0.000001
124.777475 0.000001
124.936630 0.000002
125.095785 0.000003
125.254940 0.000004
125.414095 0.000005
125.573250 0.000006
125.732405 0.000006
125.891560 0.000005
126.050715 0.000004
126.209870 0.000003
126.369025 0.000002
126.528180 0.000001
126.687335 0.000000
126.846490 0.000000
127.005645 0.000000
127.164800 0.000000
127.323954 0.000000
127.483109 0.000000
127.642264 0.000001
127.801419 0.000001
127.960574 0.000001
128.119729 0.000001
128.278884 0.000002
128.438039 0.000002
128.597194 0.000002
128.756349 0.000001
128.915504 0.000001
129.074659 0.000001
129.233814 0.000001
129.392969 0.000000
129.552124 0.000000
129.711279 0.000000
129.870434 0.000000
130.029589 0.000000
130.188743 0.000000
130.347898 0.000000
130.507053 0.000000
130.666208 0.000000
130.825363 0.000000
130.984518 0.000000
131.143673 0.000001
131.302828 0.000001
131.461983 0.000001
131.621138 0.000001
131.780293 0.000001
131.939448 0.000001
132.098603 0.000002
132.257758 0.000002
132.416913 0.000002
132.576068 0.000002
132.735223 0.000003
132.894377 0.000002
133.053532 0.000002
133.212687 0.000002
133.371842 0.000001
133.530997 0.000001
133.690152 0.000000
133.849307 0.000000
134.008462 0.000000
134.167617 0.000000
134.326772 0.000000
134.485927 0.000000
134.645082 0.000000
134.804237 0.000000
134.963392 0.000000
135.122547 0.000000
135.281702 0.000001
135.440857 0.000001
135.600012 0.000001
135.759166 0.000001
135.918321 0.000001
136.077476 0.000001
136.236631 0.000001
136.395786 0.000000
136.554941 0.000000
136.714096 0.000000
136.873251 0.000000
137.032406 0.000000
137.191561 0.000000
137.350716 0.000000
137.509871 0.000000
137.669026 0.000000
137.828181 0.000000
137.987336 0.000000
138.146491 0.000000
138.305646 0.000000
138.464800 0.000000
138.623955 0.000000
138.783110 0.000000
138.942265 0.000000
139.101420 0.000000
139.260575 0.000000
139.419730 0.000000
139.578885 0.000000
139.738040 0.000000
139.897195 0.000000
140.056350 0.000000
140.215505 0.000000
140.374660 0.000000
140.533815 0.000000
140.692970 0.000000
140.852125 0.000000
141.011280 0.000000
141.170435 0.000000
141.329589 0.000000
141.488744 0.000000
141.647899 0.000000
141.807054 0.000000
141.966209 0.000000
142.125364 0.000000
142.284519 0.000000
142.443674 0.000000
142.602829 0.000000
142.761984 0.000000
142.921139 0.000000
143.080294 0.000000
143.239449 0.000000
143.398604 0.000000
143.557759 0.000000
143.716914 0.000000
143.876069 0.000000
144.035223 0.000000
144.194378 0.000000
144.353533 0.000000
144.512688 0.000000
144.671843 0.000000
144.830998 0.000000
144.990153 0.000000
145.149308 0.000000
145.308463 0.000000
145.467618 0.000000
145.626773 0.000000
145.785928 0.000000
145.945083 0.000000
146.104238 0.000000
146.263393 0.000000
146.422548 0.000000
146.581703 0.000000
146.740858 0.000000
146.900012 0.000000
147.059167 0.000000
147.218322 0.000000
147.377477 0.000000
147.536632 0.000000
147.695787 0.000000
147.854942 0.000000
148.014097 0.000000
148.173252 0.000000
148.332407 0.000000
148.491562 0.000000
148.650717 0.000000
148.809872 0.000000
148.969027 0.000000
149.128182 0.000000
149.287337 0.000000
149.446492 0.000000
149.605647 0.000000
149.764801 0.000000
149.923956 0.000000
150.083111 0.000000
150.242266 0.000000
150.401421 0.000000
150.560576 0.000000
150.719731 0.000000
150.878886 0.000000
151.038041 0.000000
151.197196 0.000000
151.356351 0.000000
151.515506 0.000000
151.674661 0.000000
151.833816 0.000000
151.992971 0.000000
152.152126 0.000000
152.311281 0.000000
152.470435 0.000000
152.629590 0.000000
152.788745 0.000000
152.947900 0.000000
153.107055 0.000000
153.266210 0.000000
153.425365 0.000000
153.584520 0.000000
153.743675 0.000000
153.902830 0.000000
154.061985 0.000000
154.221140 0.000000
154.380295 0.000000
154.539450 0.000000
154.698605 0.000000
154.857760 0.000000
155.016915 0.000000
155.176070 0.000000
155.335224 0.000000
155.494379 0.000000
155.653534 0.000000
155.812689 0.000000
155.971844 0.000000
156.130999 0.000000
156.290154 0.000000
156.449309 0.000000
156.608464 0.000000
156.767619 0.000000
156.926774 0.000000
157.085929 0.000000
157.245084 0.000000
157.404239 0.000000
157.563394 0.000000
157.722549 0.000000
157.881704 0.000000
158.040858 0.000000
158.200013 0.000000
158.359168 0.000000
158.518323 0.000000
158.677478 0.000000
158.836633 0.000000
158.995788 0.000000
159.154943 0.000000
