# frequency	phase_space
-5.018200e-05	0.000000e+00
3.942894e-05	0.000000e+00
6.142949e-05	0.000000e+00
3.915692e-01	4.186974e+06
7.085108e-01	4.050758e+06
7.782891e-01	7.567159e+06
7.805142e-01	7.672485e+06
7.805376e-01	7.673444e+06
1.864328e+00	3.347556e+07
2.607809e+00	2.521988e+07
2.874482e+00	2.255166e+07
2.939305e+00	2.326169e+07
2.997645e+00	2.194539e+07
3.022195e+00	2.184134e+07
3.116907e+00	4.245001e+07
3.644207e+00	2.741899e+07
5.407058e+00	7.531004e+07
5.409375e+00	6.657939e+07
5.433471e+00	3.162116e+07
5.735624e+00	4.834675e+07
6.001931e+00	2.857588e+07
6.703586e+00	4.059009e+07
6.879156e+00	4.791909e+07
7.526316e+00	4.178094e+07
8.031987e+00	4.367494e+07
8.166193e+00	3.414913e+07
8.181143e+00	3.375476e+07
8.461557e+00	4.618081e+07
8.497368e+00	3.579206e+07
8.739461e+00	3.036466e+07
9.231848e+00	4.895581e+07
9.476746e+00	4.711135e+07
9.487902e+00	4.800670e+07
9.919179e+00	4.858779e+07
9.959223e+00	5.315160e+07
9.975746e+00	5.338558e+07
1.025872e+01	5.112415e+07
1.032603e+01	4.213237e+07
1.053515e+01	3.319631e+07
1.057880e+01	3.482691e+07
1.077771e+01	4.544387e+07
1.081097e+01	4.935615e+07
1.164425e+01	4.664785e+07
1.223724e+01	5.008956e+07
1.226580e+01	3.789397e+07
1.227367e+01	3.742038e+07
1.228736e+01	3.702103e+07
1.248970e+01	6.067338e+07
1.272689e+01	4.308291e+07
1.274611e+01	4.164956e+07
1.315540e+01	7.302666e+07
1.342911e+01	4.774158e+07
1.344164e+01	4.664369e+07
1.376427e+01	5.973862e+07
1.379740e+01	5.310135e+07
1.387204e+01	4.253548e+07
1.411390e+01	4.092038e+07
1.418314e+01	4.910825e+07
1.455626e+01	5.204968e+07
1.599178e+01	7.412426e+07
1.612304e+01	6.255192e+07
1.649404e+01	5.254168e+07
1.696565e+01	5.651643e+07
1.706526e+01	5.806377e+07
1.715981e+01	6.642113e+07
1.727177e+01	5.887796e+07
1.752845e+01	5.031193e+07
1.758573e+01	1.480150e+08
1.761320e+01	7.268230e+07
1.766178e+01	6.179263e+07
1.773954e+01	6.400321e+07
1.788282e+01	8.032679e+07
1.804861e+01	4.965014e+07
1.824520e+01	5.916172e+07
1.838468e+01	6.433100e+07
1.839098e+01	6.620152e+07
1.869153e+01	4.840518e+07
1.901365e+01	6.334735e+07
1.949609e+01	6.131861e+07
1.949778e+01	6.132311e+07
1.952347e+01	6.607945e+07
1.972532e+01	5.179527e+07
1.986704e+01	5.493330e+07
1.996821e+01	5.953304e+07
2.018967e+01	8.546809e+07
2.055056e+01	7.254467e+07
2.055390e+01	7.320231e+07
2.059496e+01	5.713351e+07
2.113384e+01	6.134622e+07
2.194525e+01	5.309006e+07
2.201137e+01	5.467342e+07
2.202514e+01	5.014565e+07
2.205974e+01	4.369990e+07
2.206517e+01	4.363269e+07
2.211772e+01	5.185322e+07
2.218413e+01	4.682465e+07
2.220456e+01	5.363486e+07
2.222500e+01	5.517277e+07
2.279126e+01	5.550071e+07
2.279917e+01	5.692820e+07
2.426563e+01	6.392441e+07
2.447209e+01	6.650904e+07
2.484163e+01	5.153415e+07
2.487084e+01	5.696757e+07
2.537964e+01	6.135599e+07
2.590047e+01	8.894554e+07
2.590060e+01	8.895505e+07
2.590098e+01	8.898296e+07
2.590203e+01	8.905150e+07
2.654974e+01	6.432238e+07
2.672904e+01	7.159039e+07
2.685539e+01	1.124273e+08
2.686212e+01	1.052346e+08
2.686516e+01	9.859929e+07
2.693925e+01	7.635077e+07
2.710841e+01	5.528546e+07
2.722032e+01	4.848507e+07
2.723060e+01	4.836411e+07
2.734001e+01	5.091658e+07
2.734690e+01	5.038074e+07
2.754161e+01	5.657783e+07
2.777675e+01	1.089421e+08
2.781205e+01	1.124033e+08
2.787729e+01	7.024919e+07
2.810573e+01	7.659017e+07
2.814351e+01	6.601958e+07
2.868632e+01	7.004881e+07
2.907473e+01	6.576617e+07
3.029147e+01	7.646259e+07
3.042719e+01	5.025121e+07
3.045966e+01	5.101048e+07
3.059427e+01	4.108379e+07
3.127024e+01	9.092580e+07
3.143944e+01	6.913513e+07
3.225931e+01	3.568541e+07
3.226286e+01	3.564089e+07
3.226337e+01	3.572006e+07
3.226353e+01	3.572673e+07
3.233344e+01	3.907062e+07
3.257332e+01	3.932654e+07
3.258418e+01	4.068505e+07
3.258423e+01	4.069170e+07
3.258428e+01	4.069793e+07
3.258434e+01	4.070538e+07
3.527138e+01	3.362256e+07
3.527246e+01	3.372539e+07
3.529307e+01	3.483390e+07
3.531410e+01	3.570877e+07
3.567591e+01	3.147771e+07
3.567696e+01	3.212960e+07
3.587932e+01	3.067438e+07
3.593573e+01	2.866342e+07
3.927204e+01	3.519103e+07
3.927423e+01	4.306431e+07
3.929515e+01	2.427078e+07
3.930653e+01	2.688695e+07
4.207232e+01	3.273164e+07
4.207362e+01	3.333842e+07
4.214209e+01	3.003322e+07
4.215246e+01	2.839667e+07
4.447427e+01	2.610005e+07
4.447427e+01	2.609921e+07
4.451588e+01	2.859132e+07
4.451634e+01	2.848655e+07
4.453433e+01	3.713661e+07
4.453725e+01	4.345948e+07
4.479547e+01	1.787688e+07
4.479574e+01	1.783880e+07
4.889314e+01	3.695987e+07
4.889451e+01	3.729360e+07
4.892375e+01	2.872027e+07
4.893781e+01	2.673142e+07
4.915271e+01	2.873638e+07
4.915380e+01	2.842779e+07
4.917742e+01	2.653088e+07
4.918876e+01	2.624610e+07
5.401890e+01	1.942840e+07
5.402102e+01	2.008710e+07
5.404599e+01	1.737257e+07
5.405795e+01	2.225014e+07
5.435469e+01	2.702261e+07
5.435700e+01	2.809740e+07
5.438982e+01	4.768731e+07
5.440542e+01	5.053950e+07
5.565574e+01	1.003256e+08
5.565850e+01	1.014904e+08
5.567860e+01	8.820657e+07
5.568793e+01	7.890749e+07
5.652911e+01	4.963035e+07
5.652940e+01	5.490752e+07
5.653144e+01	4.685561e+07
5.653233e+01	4.410713e+07
5.831362e+01	1.890684e+07
5.831377e+01	1.889024e+07
5.832205e+01	1.828020e+07
5.832523e+01	1.818759e+07
6.111502e+01	1.858081e+07
6.112695e+01	1.793612e+07
6.120872e+01	1.643996e+07
6.123266e+01	2.172075e+07
6.123272e+01	2.174155e+07
6.123513e+01	2.262935e+07
6.123584e+01	2.290648e+07
6.124370e+01	2.568539e+07
6.150771e+01	3.041821e+07
6.151803e+01	2.687081e+07
6.158887e+01	1.466443e+07
6.161911e+01	1.355273e+07
9.094664e+01	9.086305e+05
9.094664e+01	9.085417e+05
9.094664e+01	9.084539e+05
9.094664e+01	9.083857e+05
9.107058e+01	3.034985e+06
9.107059e+01	3.033875e+06
9.107059e+01	3.033301e+06
9.107059e+01	3.032454e+06
9.121619e+01	1.087617e+05
9.121621e+01	1.087970e+05
9.121622e+01	1.087997e+05
9.121624e+01	1.088422e+05
9.131807e+01	3.201268e+06
9.131809e+01	3.202703e+06
9.131810e+01	3.203473e+06
9.131813e+01	3.205106e+06
1.161369e+02	5.697486e+05
1.161369e+02	5.697492e+05
1.161721e+02	5.786689e+05
1.161721e+02	5.786690e+05
7.548168e-01	1.270593e+07
8.692685e-01	1.487517e+07
9.118212e-01	1.474501e+07
9.417703e-01	1.546396e+07
9.460014e-01	1.516698e+07
1.516628e+00	3.381887e+07
1.656578e+00	6.737956e+07
2.356849e+00	6.254790e+07
2.580940e+00	4.895303e+07
3.008387e+00	4.148197e+07
3.189128e+00	4.991172e+07
3.241744e+00	6.270419e+07
3.295303e+00	6.561424e+07
3.465662e+00	5.009936e+07
4.134504e+00	6.428026e+07
4.346817e+00	4.954686e+07
4.577251e+00	7.171554e+07
5.075941e+00	6.845509e+07
5.694147e+00	5.973155e+07
5.798791e+00	6.258867e+07
6.007809e+00	6.340375e+07
6.416367e+00	6.736048e+07
6.796246e+00	6.391349e+07
6.848067e+00	7.261146e+07
7.476693e+00	7.692544e+07
8.098082e+00	9.735765e+07
8.197705e+00	6.789274e+07
8.320242e+00	6.897959e+07
8.469805e+00	7.826796e+07
8.524115e+00	7.499074e+07
9.173110e+00	1.337218e+08
9.341359e+00	1.305365e+08
9.429327e+00	1.039066e+08
1.017038e+01	9.838176e+07
1.018763e+01	9.483183e+07
1.023483e+01	7.849117e+07
1.036980e+01	8.628565e+07
1.046707e+01	8.160747e+07
1.068868e+01	1.009956e+08
1.069734e+01	8.867728e+07
1.087926e+01	1.340481e+08
1.089371e+01	1.239534e+08
1.175388e+01	1.007686e+08
1.215804e+01	1.029215e+08
1.226644e+01	1.041136e+08
1.228326e+01	1.063568e+08
1.228867e+01	9.906084e+07
1.230765e+01	9.518335e+07
1.262927e+01	8.947412e+07
1.285455e+01	1.069535e+08
1.311320e+01	1.359516e+08
1.333014e+01	1.438450e+08
1.343344e+01	9.100083e+07
1.351797e+01	1.072262e+08
1.371543e+01	1.171430e+08
1.390281e+01	1.022579e+08
1.424509e+01	1.144525e+08
1.438704e+01	1.014746e+08
1.465148e+01	1.055509e+08
1.535044e+01	1.189618e+08
1.544201e+01	1.111718e+08
1.618093e+01	1.218297e+08
1.641295e+01	1.102765e+08
1.662683e+01	1.046053e+08
1.680469e+01	1.266069e+08
1.691648e+01	1.101005e+08
1.706313e+01	1.044340e+08
1.712270e+01	1.190937e+08
1.739541e+01	1.301850e+08
1.741811e+01	1.510269e+08
1.754407e+01	1.184018e+08
1.786883e+01	1.059545e+08
1.821083e+01	1.382151e+08
1.823427e+01	1.570691e+08
1.867554e+01	1.059970e+08
1.886885e+01	1.180162e+08
1.920436e+01	1.361884e+08
1.923298e+01	1.426616e+08
1.965405e+01	1.217973e+08
1.971328e+01	1.109127e+08
1.977129e+01	1.189823e+08
2.012080e+01	1.085992e+08
2.015084e+01	1.277744e+08
2.040240e+01	1.232011e+08
2.048065e+01	1.180955e+08
2.057506e+01	1.195314e+08
2.065500e+01	2.184946e+08
2.070931e+01	1.101850e+08
2.105047e+01	1.531290e+08
2.180404e+01	1.244084e+08
2.211789e+01	9.857762e+07
2.212632e+01	9.644646e+07
2.214221e+01	9.976587e+07
2.216309e+01	1.037693e+08
2.219166e+01	1.073308e+08
2.222726e+01	1.112888e+08
2.270585e+01	1.107952e+08
2.274888e+01	9.997549e+07
2.343055e+01	1.277354e+08
2.351291e+01	1.319425e+08
2.356782e+01	1.263008e+08
2.444988e+01	9.379146e+07
2.445018e+01	9.371785e+07
2.461635e+01	3.057205e+08
2.589818e+01	1.626593e+08
2.592569e+01	1.434091e+08
2.592614e+01	1.433190e+08
2.592744e+01	1.429622e+08
2.594195e+01	1.397035e+08
2.627154e+01	1.193758e+08
2.671792e+01	1.782659e+08
2.676554e+01	1.527005e+08
2.681118e+01	1.596424e+08
2.683955e+01	1.637818e+08
2.684792e+01	1.680189e+08
2.685670e+01	1.748186e+08
2.685889e+01	1.771086e+08
2.714827e+01	9.853113e+07
2.715608e+01	1.198923e+08
2.726100e+01	1.128188e+08
2.752728e+01	1.232487e+08
2.778800e+01	1.508649e+08
2.787586e+01	1.601854e+08
2.792851e+01	1.979086e+08
2.799692e+01	1.178294e+08
2.812494e+01	1.381602e+08
2.861594e+01	1.306947e+08
2.894476e+01	1.115405e+08
3.041596e+01	1.148435e+08
3.059304e+01	9.248740e+07
3.076477e+01	8.576706e+07
3.095463e+01	8.720486e+07
3.110679e+01	8.323048e+07
3.128100e+01	1.610354e+08
3.207905e+01	8.014101e+07
3.224234e+01	1.060510e+08
3.224280e+01	1.049596e+08
3.224288e+01	1.048467e+08
3.224465e+01	1.031753e+08
3.231816e+01	9.461340e+07
3.260609e+01	9.247378e+07
3.260614e+01	9.253599e+07
3.260617e+01	9.258106e+07
3.260619e+01	9.260206e+07
3.517575e+01	6.431776e+07
3.517839e+01	6.659239e+07
3.519220e+01	7.103041e+07
3.520972e+01	8.276375e+07
3.570493e+01	5.304861e+07
3.570731e+01	5.340045e+07
3.584891e+01	6.921663e+07
3.588974e+01	8.791583e+07
3.928612e+01	5.182940e+07
3.929032e+01	5.049920e+07
3.930260e+01	5.317535e+07
3.931322e+01	5.182356e+07
4.207881e+01	7.060359e+07
4.208307e+01	7.093346e+07
4.212785e+01	5.427366e+07
4.213882e+01	5.247571e+07
4.447306e+01	5.780488e+07
4.447342e+01	5.774919e+07
4.447620e+01	5.746163e+07
4.449128e+01	5.827604e+07
4.452419e+01	9.284067e+07
4.453862e+01	6.336015e+07
4.475098e+01	5.388165e+07
4.475278e+01	5.100034e+07
4.892789e+01	5.124166e+07
4.893088e+01	6.036253e+07
4.894985e+01	5.807829e+07
4.896178e+01	6.501028e+07
4.922105e+01	5.195096e+07
4.922348e+01	5.111611e+07
4.923877e+01	4.797123e+07
4.924847e+01	4.455459e+07
5.400302e+01	5.393295e+07
5.400650e+01	4.021437e+07
5.402237e+01	3.894830e+07
5.403279e+01	3.526737e+07
5.434185e+01	8.686928e+07
5.434605e+01	7.227127e+07
5.436687e+01	8.071803e+07
5.438049e+01	9.029060e+07
5.567792e+01	1.001651e+08
5.568156e+01	9.369885e+07
5.569410e+01	7.713745e+07
5.570234e+01	7.972612e+07
5.658219e+01	7.271396e+07
5.658256e+01	7.242097e+07
5.658383e+01	7.222023e+07
5.658459e+01	7.228991e+07
5.829565e+01	4.350532e+07
5.829623e+01	4.313668e+07
5.830170e+01	4.168967e+07
5.830447e+01	4.190526e+07
6.112933e+01	7.377869e+07
6.114436e+01	3.683269e+07
6.119569e+01	4.181418e+07
6.120391e+01	4.815874e+07
6.120411e+01	4.840047e+07
6.120596e+01	5.047944e+07
6.120652e+01	5.102075e+07
6.122724e+01	5.371749e+07
6.152076e+01	5.958524e+07
6.153378e+01	5.147389e+07
6.157813e+01	4.648443e+07
6.160523e+01	7.993844e+07
9.099504e+01	2.408328e+06
9.099504e+01	2.408347e+06
9.099504e+01	2.408426e+06
9.099505e+01	2.408520e+06
9.100652e+01	3.131106e+06
9.100653e+01	3.131826e+06
9.100653e+01	3.132534e+06
9.100653e+01	3.132592e+06
9.127078e+01	6.425546e+06
9.127080e+01	6.464378e+06
9.127081e+01	6.482248e+06
9.127083e+01	6.521319e+06
9.127916e+01	7.111660e+06
9.127917e+01	7.080530e+06
9.127918e+01	7.045739e+06
9.127919e+01	7.020076e+06
1.161420e+02	2.738920e+06
1.161420e+02	2.738907e+06
1.161669e+02	2.168996e+06
1.161669e+02	2.168985e+06
1.039076e+00	5.901425e+06
1.039076e+00	5.901425e+06
1.071845e+00	6.259176e+06
1.071845e+00	6.259176e+06
1.377883e+00	7.956759e+06
1.377883e+00	7.956759e+06
2.426148e+00	1.368401e+08
2.426148e+00	1.368401e+08
3.170994e+00	4.255980e+07
3.170994e+00	4.255980e+07
3.945221e+00	3.304579e+07
3.945221e+00	3.304579e+07
4.084185e+00	3.813638e+07
4.084185e+00	3.813638e+07
4.460981e+00	3.341431e+07
4.460981e+00	3.341431e+07
4.633443e+00	3.159604e+07
4.633443e+00	3.159604e+07
5.437162e+00	3.118649e+07
5.437162e+00	3.118649e+07
5.874969e+00	3.710813e+07
5.874969e+00	3.710813e+07
7.186842e+00	4.099541e+07
7.186842e+00	4.099541e+07
7.465576e+00	3.205942e+07
7.465576e+00	3.205942e+07
8.066651e+00	3.762403e+07
8.066651e+00	3.762403e+07
8.716138e+00	3.021567e+07
8.716138e+00	3.021567e+07
9.320412e+00	5.366716e+07
9.320412e+00	5.366716e+07
9.556062e+00	4.468431e+07
9.556062e+00	4.468431e+07
1.041194e+01	4.029622e+07
1.041194e+01	4.029623e+07
1.052282e+01	3.298641e+07
1.052282e+01	3.298641e+07
1.094094e+01	4.580709e+07
1.094094e+01	4.580709e+07
1.127863e+01	7.728028e+07
1.127863e+01	7.728028e+07
1.153449e+01	4.334627e+07
1.153449e+01	4.334627e+07
1.228747e+01	3.610524e+07
1.228747e+01	3.610524e+07
1.229628e+01	3.564907e+07
1.229628e+01	3.564907e+07
1.237457e+01	5.820560e+07
1.237457e+01	5.820560e+07
1.310039e+01	5.796603e+07
1.310039e+01	5.796603e+07
1.333513e+01	6.470324e+07
1.333513e+01	6.470324e+07
1.388044e+01	5.090143e+07
1.388044e+01	5.090143e+07
1.425481e+01	5.171708e+07
1.425481e+01	5.171708e+07
1.442564e+01	6.030733e+07
1.442564e+01	6.030733e+07
1.593679e+01	5.456817e+07
1.593679e+01	5.456817e+07
1.627869e+01	4.367065e+07
1.627869e+01	4.367065e+07
1.635611e+01	4.379392e+07
1.635611e+01	4.379392e+07
1.726686e+01	5.957402e+07
1.726686e+01	5.957402e+07
1.732241e+01	5.848488e+07
1.732241e+01	5.848488e+07
1.764367e+01	5.227906e+07
1.764367e+01	5.227906e+07
1.806215e+01	5.400496e+07
1.806215e+01	5.400496e+07
1.898415e+01	6.926963e+07
1.898415e+01	6.926963e+07
1.928640e+01	6.382585e+07
1.928640e+01	6.382585e+07
1.932876e+01	6.745716e+07
1.932876e+01	6.745716e+07
2.027884e+01	5.305628e+07
2.027884e+01	5.305628e+07
2.055154e+01	5.814254e+07
2.055154e+01	5.814255e+07
2.075291e+01	5.889104e+07
2.075291e+01	5.889104e+07
2.155891e+01	4.801976e+07
2.155891e+01	4.801976e+07
2.157342e+01	4.598606e+07
2.157342e+01	4.598606e+07
2.215439e+01	4.547388e+07
2.215439e+01	4.547388e+07
2.221581e+01	5.049872e+07
2.221581e+01	5.049872e+07
2.242519e+01	7.358689e+07
2.242519e+01	7.358689e+07
2.251025e+01	5.236708e+07
2.251025e+01	5.236708e+07
2.288152e+01	6.490909e+07
2.288152e+01	6.490909e+07
2.488703e+01	6.965802e+07
2.488703e+01	6.965802e+07
2.509556e+01	6.502969e+07
2.509556e+01	6.502969e+07
2.553737e+01	6.317429e+07
2.553737e+01	6.317429e+07
2.595146e+01	9.543939e+07
2.595146e+01	9.543939e+07
2.595373e+01	9.522443e+07
2.595373e+01	9.522443e+07
2.621311e+01	6.773260e+07
2.621311e+01	6.773260e+07
2.682638e+01	1.221817e+08
2.682638e+01	1.221817e+08
2.683069e+01	1.255940e+08
2.683069e+01	1.255940e+08
2.692000e+01	8.194488e+07
2.692000e+01	8.194488e+07
2.698252e+01	6.635821e+07
2.698252e+01	6.635821e+07
2.766547e+01	6.977189e+07
2.766547e+01	6.977189e+07
2.770358e+01	9.733454e+07
2.770358e+01	9.733454e+07
2.842764e+01	6.272926e+07
2.842764e+01	6.272926e+07
2.855729e+01	9.240638e+07
2.855729e+01	9.240638e+07
3.074178e+01	4.353132e+07
3.074178e+01	4.353132e+07
3.092364e+01	3.978694e+07
3.092364e+01	3.978694e+07
3.145780e+01	5.163617e+07
3.145780e+01	5.163617e+07
3.167829e+01	7.870798e+07
3.167829e+01	7.870798e+07
3.222419e+01	4.413813e+07
3.222419e+01	4.413813e+07
3.222481e+01	4.408072e+07
3.222481e+01	4.408072e+07
3.262578e+01	4.015168e+07
3.262578e+01	4.015168e+07
3.262581e+01	4.015146e+07
3.262581e+01	4.015146e+07
3.508532e+01	3.269929e+07
3.508532e+01	3.269929e+07
3.509417e+01	3.168507e+07
3.509417e+01	3.168507e+07
3.577624e+01	2.737046e+07
3.577624e+01	2.737046e+07
3.579076e+01	2.780187e+07
3.579076e+01	2.780187e+07
3.930521e+01	2.809008e+07
3.930521e+01	2.809008e+07
3.931324e+01	2.694195e+07
3.931324e+01	2.694195e+07
4.209948e+01	3.691695e+07
4.209948e+01	3.691695e+07
4.210885e+01	2.555630e+07
4.210885e+01	2.555630e+07
4.443249e+01	2.585663e+07
4.443249e+01	2.585663e+07
4.444121e+01	2.601073e+07
4.444121e+01	2.601073e+07
4.464027e+01	2.019346e+07
4.464027e+01	2.019346e+07
4.464578e+01	2.050604e+07
4.464578e+01	2.050604e+07
4.896869e+01	2.494773e+07
4.896869e+01	2.494773e+07
4.897588e+01	2.473094e+07
4.897588e+01	2.473094e+07
4.929461e+01	3.429097e+07
4.929461e+01	3.429097e+07
4.930052e+01	3.031499e+07
4.930052e+01	3.031499e+07
5.399282e+01	2.006488e+07
5.399282e+01	2.006488e+07
5.399969e+01	2.650688e+07
5.399969e+01	2.650688e+07
5.433710e+01	2.904746e+07
5.433710e+01	2.904746e+07
5.434597e+01	2.879204e+07
5.434597e+01	2.879204e+07
5.570490e+01	5.707351e+07
5.570490e+01	5.707351e+07
5.571073e+01	5.567248e+07
5.571073e+01	5.567248e+07
5.663562e+01	7.395614e+07
5.663562e+01	7.395614e+07
5.663616e+01	7.384292e+07
5.663616e+01	7.384291e+07
5.827926e+01	2.322505e+07
5.827926e+01	2.322505e+07
5.828094e+01	2.309170e+07
5.828094e+01	2.309170e+07
6.116306e+01	1.461836e+07
6.116306e+01	1.461836e+07
6.117479e+01	1.369523e+07
6.117479e+01	1.369523e+07
6.117596e+01	1.358714e+07
6.117596e+01	1.358714e+07
6.118691e+01	1.285994e+07
6.118691e+01	1.285994e+07
6.155060e+01	2.093533e+07
6.155060e+01	2.093533e+07
6.157045e+01	1.665330e+07
6.157045e+01	1.665330e+07
9.096378e+01	9.423930e+05
9.096378e+01	9.423930e+05
9.096378e+01	9.423388e+05
9.096378e+01	9.423388e+05
9.107407e+01	2.718926e+06
9.107407e+01	2.718926e+06
9.107407e+01	2.718337e+06
9.107407e+01	2.718337e+06
9.119287e+01	8.632445e+04
9.119287e+01	8.632445e+04
9.119290e+01	8.631931e+04
9.119290e+01	8.631931e+04
9.132081e+01	3.705872e+06
9.132081e+01	3.705872e+06
9.132083e+01	3.707004e+06
9.132083e+01	3.707004e+06
1.161545e+02	5.701862e+05
1.161545e+02	5.701862e+05
1.161545e+02	5.701863e+05
1.161545e+02	5.701863e+05
7.548168e-01	1.270593e+07
8.692685e-01	1.487517e+07
9.118212e-01	1.474501e+07
9.417703e-01	1.546396e+07
9.460014e-01	1.516698e+07
1.516628e+00	3.381887e+07
1.656578e+00	6.737956e+07
2.356849e+00	6.254790e+07
2.580940e+00	4.895303e+07
3.008387e+00	4.148197e+07
3.189128e+00	4.991172e+07
3.241744e+00	6.270419e+07
3.295303e+00	6.561424e+07
3.465662e+00	5.009936e+07
4.134504e+00	6.428026e+07
4.346817e+00	4.954686e+07
4.577251e+00	7.171554e+07
5.075941e+00	6.845509e+07
5.694147e+00	5.973155e+07
5.798791e+00	6.258867e+07
6.007809e+00	6.340375e+07
6.416367e+00	6.736048e+07
6.796246e+00	6.391349e+07
6.848067e+00	7.261146e+07
7.476693e+00	7.692544e+07
8.098082e+00	9.735765e+07
8.197705e+00	6.789274e+07
8.320242e+00	6.897959e+07
8.469805e+00	7.826796e+07
8.524115e+00	7.499074e+07
9.173110e+00	1.337218e+08
9.341359e+00	1.305365e+08
9.429327e+00	1.039066e+08
1.017038e+01	9.838176e+07
1.018763e+01	9.483183e+07
1.023483e+01	7.849117e+07
1.036980e+01	8.628565e+07
1.046707e+01	8.160747e+07
1.068868e+01	1.009956e+08
1.069734e+01	8.867728e+07
1.087926e+01	1.340481e+08
1.089371e+01	1.239534e+08
1.175388e+01	1.007686e+08
1.215804e+01	1.029215e+08
1.226644e+01	1.041136e+08
1.228326e+01	1.063568e+08
1.228867e+01	9.906084e+07
1.230765e+01	9.518335e+07
1.262927e+01	8.947412e+07
1.285455e+01	1.069535e+08
1.311320e+01	1.359516e+08
1.333014e+01	1.438450e+08
1.343344e+01	9.100083e+07
1.351797e+01	1.072262e+08
1.371543e+01	1.171430e+08
1.390281e+01	1.022579e+08
1.424509e+01	1.144525e+08
1.438704e+01	1.014746e+08
1.465148e+01	1.055509e+08
1.535044e+01	1.189618e+08
1.544201e+01	1.111718e+08
1.618093e+01	1.218297e+08
1.641295e+01	1.102765e+08
1.662683e+01	1.046053e+08
1.680469e+01	1.266069e+08
1.691648e+01	1.101005e+08
1.706313e+01	1.044340e+08
1.712270e+01	1.190937e+08
1.739541e+01	1.301850e+08
1.741811e+01	1.510269e+08
1.754407e+01	1.184018e+08
1.786883e+01	1.059545e+08
1.821083e+01	1.382151e+08
1.823427e+01	1.570691e+08
1.867554e+01	1.059970e+08
1.886885e+01	1.180162e+08
1.920436e+01	1.361884e+08
1.923298e+01	1.426616e+08
1.965405e+01	1.217973e+08
1.971328e+01	1.109127e+08
1.977129e+01	1.189823e+08
2.012080e+01	1.085992e+08
2.015084e+01	1.277744e+08
2.040240e+01	1.232011e+08
2.048065e+01	1.180955e+08
2.057506e+01	1.195314e+08
2.065500e+01	2.184946e+08
2.070931e+01	1.101850e+08
2.105047e+01	1.531290e+08
2.180404e+01	1.244084e+08
2.211789e+01	9.857762e+07
2.212632e+01	9.644646e+07
2.214221e+01	9.976587e+07
2.216309e+01	1.037693e+08
2.219166e+01	1.073308e+08
2.222726e+01	1.112888e+08
2.270585e+01	1.107952e+08
2.274888e+01	9.997549e+07
2.343055e+01	1.277354e+08
2.351291e+01	1.319425e+08
2.356782e+01	1.263008e+08
2.444988e+01	9.379146e+07
2.445018e+01	9.371785e+07
2.461635e+01	3.057205e+08
2.589818e+01	1.626593e+08
2.592569e+01	1.434091e+08
2.592614e+01	1.433190e+08
2.592744e+01	1.429622e+08
2.594195e+01	1.397035e+08
2.627154e+01	1.193758e+08
2.671792e+01	1.782659e+08
2.676554e+01	1.527005e+08
2.681118e+01	1.596424e+08
2.683955e+01	1.637818e+08
2.684792e+01	1.680189e+08
2.685670e+01	1.748186e+08
2.685889e+01	1.771086e+08
2.714827e+01	9.853113e+07
2.715608e+01	1.198923e+08
2.726100e+01	1.128188e+08
2.752728e+01	1.232487e+08
2.778800e+01	1.508649e+08
2.787586e+01	1.601854e+08
2.792851e+01	1.979086e+08
2.799692e+01	1.178294e+08
2.812494e+01	1.381602e+08
2.861594e+01	1.306947e+08
2.894476e+01	1.115405e+08
3.041596e+01	1.148435e+08
3.059304e+01	9.248740e+07
3.076477e+01	8.576706e+07
3.095463e+01	8.720486e+07
3.110679e+01	8.323048e+07
3.128100e+01	1.610354e+08
3.207905e+01	8.014101e+07
3.224234e+01	1.060510e+08
3.224280e+01	1.049596e+08
3.224288e+01	1.048467e+08
3.224465e+01	1.031753e+08
3.231816e+01	9.461340e+07
3.260609e+01	9.247378e+07
3.260614e+01	9.253599e+07
3.260617e+01	9.258106e+07
3.260619e+01	9.260206e+07
3.517575e+01	6.431776e+07
3.517839e+01	6.659239e+07
3.519220e+01	7.103041e+07
3.520972e+01	8.276375e+07
3.570493e+01	5.304861e+07
3.570731e+01	5.340045e+07
3.584891e+01	6.921663e+07
3.588974e+01	8.791583e+07
3.928612e+01	5.182940e+07
3.929032e+01	5.049920e+07
3.930260e+01	5.317535e+07
3.931322e+01	5.182356e+07
4.207881e+01	7.060359e+07
4.208307e+01	7.093346e+07
4.212785e+01	5.427366e+07
4.213882e+01	5.247571e+07
4.447306e+01	5.780488e+07
4.447342e+01	5.774919e+07
4.447620e+01	5.746163e+07
4.449128e+01	5.827604e+07
4.452419e+01	9.284067e+07
4.453862e+01	6.336015e+07
4.475098e+01	5.388165e+07
4.475278e+01	5.100034e+07
4.892789e+01	5.124166e+07
4.893088e+01	6.036253e+07
4.894985e+01	5.807829e+07
4.896178e+01	6.501028e+07
4.922105e+01	5.195096e+07
4.922348e+01	5.111611e+07
4.923877e+01	4.797123e+07
4.924847e+01	4.455459e+07
5.400302e+01	5.393295e+07
5.400650e+01	4.021437e+07
5.402237e+01	3.894830e+07
5.403279e+01	3.526737e+07
5.434185e+01	8.686928e+07
5.434605e+01	7.227127e+07
5.436687e+01	8.071803e+07
5.438049e+01	9.029060e+07
5.567792e+01	1.001651e+08
5.568156e+01	9.369885e+07
5.569410e+01	7.713745e+07
5.570234e+01	7.972612e+07
5.658219e+01	7.271396e+07
5.658256e+01	7.242097e+07
5.658383e+01	7.222023e+07
5.658459e+01	7.228991e+07
5.829565e+01	4.350532e+07
5.829623e+01	4.313668e+07
5.830170e+01	4.168967e+07
5.830447e+01	4.190526e+07
6.112933e+01	7.377869e+07
6.114436e+01	3.683269e+07
6.119569e+01	4.181418e+07
6.120391e+01	4.815874e+07
6.120411e+01	4.840047e+07
6.120596e+01	5.047944e+07
6.120652e+01	5.102075e+07
6.122724e+01	5.371749e+07
6.152076e+01	5.958524e+07
6.153378e+01	5.147389e+07
6.157813e+01	4.648443e+07
6.160523e+01	7.993844e+07
9.099504e+01	2.408328e+06
9.099504e+01	2.408347e+06
9.099504e+01	2.408426e+06
9.099505e+01	2.408520e+06
9.100652e+01	3.131106e+06
9.100653e+01	3.131826e+06
9.100653e+01	3.132534e+06
9.100653e+01	3.132592e+06
9.127078e+01	6.425546e+06
9.127080e+01	6.464378e+06
9.127081e+01	6.482248e+06
9.127083e+01	6.521319e+06
9.127916e+01	7.111660e+06
9.127917e+01	7.080530e+06
9.127918e+01	7.045739e+06
9.127919e+01	7.020076e+06
1.161420e+02	2.738920e+06
1.161420e+02	2.738907e+06
1.161669e+02	2.168996e+06
1.161669e+02	2.168985e+06
7.481695e-01	4.816193e+06
7.481695e-01	4.816193e+06
7.621382e-01	5.055846e+06
7.621383e-01	5.055846e+06
1.243109e+00	7.342381e+06
1.243109e+00	7.342382e+06
1.312995e+00	1.401547e+07
1.312995e+00	1.401547e+07
2.087235e+00	2.824992e+07
2.087235e+00	2.824992e+07
2.955387e+00	2.620986e+07
2.955387e+00	2.620986e+07
3.248777e+00	2.155929e+07
3.248777e+00	2.155929e+07
3.566985e+00	2.822288e+07
3.566985e+00	2.822288e+07
4.581480e+00	2.569223e+07
4.581480e+00	2.569223e+07
5.580226e+00	2.779629e+07
5.580226e+00	2.779629e+07
6.013592e+00	2.882656e+07
6.013592e+00	2.882656e+07
7.106990e+00	4.243945e+07
7.106990e+00	4.243945e+07
8.202610e+00	3.504520e+07
8.202610e+00	3.504520e+07
8.404936e+00	3.804726e+07
8.404936e+00	3.804726e+07
9.049237e+00	5.525400e+07
9.049237e+00	5.525400e+07
9.383939e+00	7.434189e+07
9.383939e+00	7.434189e+07
9.863366e+00	4.658704e+07
9.863366e+00	4.658704e+07
9.871151e+00	4.394091e+07
9.871151e+00	4.394091e+07
1.016759e+01	4.657682e+07
1.016759e+01	4.657682e+07
1.085089e+01	5.183593e+07
1.085089e+01	5.183593e+07
1.099290e+01	6.111606e+07
1.099290e+01	6.111605e+07
1.152341e+01	5.743354e+07
1.152341e+01	5.743354e+07
1.226354e+01	4.314459e+07
1.226354e+01	4.314459e+07
1.227641e+01	4.362281e+07
1.227641e+01	4.362281e+07
1.262178e+01	5.767510e+07
1.262178e+01	5.767510e+07
1.306414e+01	6.944633e+07
1.306414e+01	6.944633e+07
1.379514e+01	4.819086e+07
1.379514e+01	4.819086e+07
1.397926e+01	4.195484e+07
1.397926e+01	4.195484e+07
1.400571e+01	4.322671e+07
1.400571e+01	4.322671e+07
1.580361e+01	6.022577e+07
1.580361e+01	6.022577e+07
1.643394e+01	4.096263e+07
1.643394e+01	4.096263e+07
1.649426e+01	5.076108e+07
1.649426e+01	5.076108e+07
1.662172e+01	5.725603e+07
1.662172e+01	5.725603e+07
1.732448e+01	5.139456e+07
1.732448e+01	5.139456e+07
1.779639e+01	7.154409e+07
1.779639e+01	7.154409e+07
1.813427e+01	4.483952e+07
1.813427e+01	4.483952e+07
1.824179e+01	5.711188e+07
1.824179e+01	5.711188e+07
1.896790e+01	7.254621e+07
1.896790e+01	7.254621e+07
1.917422e+01	7.253714e+07
1.917422e+01	7.253714e+07
1.923905e+01	5.447957e+07
1.923905e+01	5.447957e+07
1.928401e+01	4.775615e+07
1.928401e+01	4.775615e+07
2.002459e+01	6.526066e+07
2.002459e+01	6.526066e+07
2.031366e+01	5.070011e+07
2.031366e+01	5.070011e+07
2.059323e+01	6.224829e+07
2.059323e+01	6.224829e+07
2.142220e+01	7.403298e+07
2.142220e+01	7.403298e+07
2.198904e+01	5.326563e+07
2.198904e+01	5.326563e+07
2.204373e+01	4.572103e+07
2.204373e+01	4.572103e+07
2.217083e+01	4.898711e+07
2.217083e+01	4.898711e+07
2.222063e+01	5.234919e+07
2.222063e+01	5.234919e+07
2.329606e+01	4.753084e+07
2.329606e+01	4.753084e+07
2.329889e+01	4.749752e+07
2.329889e+01	4.749752e+07
2.589916e+01	9.988626e+07
2.589916e+01	9.988626e+07
2.590019e+01	9.955545e+07
2.590019e+01	9.955545e+07
2.598350e+01	8.256354e+07
2.598350e+01	8.256354e+07
2.603572e+01	7.256605e+07
2.603572e+01	7.256605e+07
2.626497e+01	5.383786e+07
2.626497e+01	5.383786e+07
2.685985e+01	1.103479e+08
2.685985e+01	1.103479e+08
2.686883e+01	1.034017e+08
2.686883e+01	1.034017e+08
2.698218e+01	6.610278e+07
2.698218e+01	6.610278e+07
2.744403e+01	5.242442e+07
2.744403e+01	5.242442e+07
2.771815e+01	9.763101e+07
2.771815e+01	9.763101e+07
2.785296e+01	8.735249e+07
2.785296e+01	8.735249e+07
2.843054e+01	5.483325e+07
2.843054e+01	5.483325e+07
2.876057e+01	5.014605e+07
2.876057e+01	5.014605e+07
3.037293e+01	5.780730e+07
3.037293e+01	5.780730e+07
3.051027e+01	4.517333e+07
3.051027e+01	4.517333e+07
3.135781e+01	8.566063e+07
3.135781e+01	8.566063e+07
3.226268e+01	3.865110e+07
3.226268e+01	3.865110e+07
3.226320e+01	3.854175e+07
3.226320e+01	3.854175e+07
3.245110e+01	3.158481e+07
3.245110e+01	3.158481e+07
3.258426e+01	4.570621e+07
3.258426e+01	4.570621e+07
3.258426e+01	4.570686e+07
3.258426e+01	4.570686e+07
3.528023e+01	3.159026e+07
3.528023e+01	3.159026e+07
3.528802e+01	3.076922e+07
3.528802e+01	3.076922e+07
3.578062e+01	3.395837e+07
3.578062e+01	3.395837e+07
3.581441e+01	3.192731e+07
3.581441e+01	3.192731e+07
3.928361e+01	2.485030e+07
3.928361e+01	2.485030e+07
3.929043e+01	2.326072e+07
3.929043e+01	2.326072e+07
4.210733e+01	2.495192e+07
4.210733e+01	2.495192e+07
4.211318e+01	2.470808e+07
4.211318e+01	2.470808e+07
4.447427e+01	2.442850e+07
4.447427e+01	2.442850e+07
4.452520e+01	4.524188e+07
4.452520e+01	4.524188e+07
4.452692e+01	4.023104e+07
4.452692e+01	4.023104e+07
4.479560e+01	1.980769e+07
4.479560e+01	1.980768e+07
4.890769e+01	4.039614e+07
4.890769e+01	4.039614e+07
4.891464e+01	3.042218e+07
4.891464e+01	3.042218e+07
4.916581e+01	2.881960e+07
4.916581e+01	2.881960e+07
4.917278e+01	2.818074e+07
4.917278e+01	2.818074e+07
5.403176e+01	1.891562e+07
5.403176e+01	1.891562e+07
5.403820e+01	1.693464e+07
5.403820e+01	1.693464e+07
5.437294e+01	4.329979e+07
5.437294e+01	4.329979e+07
5.438249e+01	5.465693e+07
5.438249e+01	5.465693e+07
5.566714e+01	9.775042e+07
5.566714e+01	9.775042e+07
5.567317e+01	9.212193e+07
5.567317e+01	9.212193e+07
5.653029e+01	4.325918e+07
5.653029e+01	4.325918e+07
5.653090e+01	4.344589e+07
5.653090e+01	4.344589e+07
5.831784e+01	1.863043e+07
5.831784e+01	1.863043e+07
5.831951e+01	1.852531e+07
5.831951e+01	1.852531e+07
6.115708e+01	1.586285e+07
6.115708e+01	1.586285e+07
6.117788e+01	1.403125e+07
6.117788e+01	1.403125e+07
6.123393e+01	2.228319e+07
6.123393e+01	2.228319e+07
6.123425e+01	2.229965e+07
6.123425e+01	2.229965e+07
6.155310e+01	2.023835e+07
6.155310e+01	2.023835e+07
6.157603e+01	1.632540e+07
6.157603e+01	1.632540e+07
9.094664e+01	9.233209e+05
9.094664e+01	9.233209e+05
9.094664e+01	9.233106e+05
9.094664e+01	9.233106e+05
9.107059e+01	6.549122e+06
9.107059e+01	6.549122e+06
9.107059e+01	6.549157e+06
9.107059e+01	6.549157e+06
9.121620e+01	9.136182e+04
9.121620e+01	9.136182e+04
9.121623e+01	9.137645e+04
9.121623e+01	9.137645e+04
9.131809e+01	3.007690e+06
9.131809e+01	3.007690e+06
9.131811e+01	3.008899e+06
9.131811e+01	3.008899e+06
1.161369e+02	5.697499e+05
1.161369e+02	5.697499e+05
1.161721e+02	5.786680e+05
1.161721e+02	5.786680e+05
9.147868e-01	1.808108e+07
9.147868e-01	1.808108e+07
9.399119e-01	1.733223e+07
9.399119e-01	1.733223e+07
1.303303e+00	2.463526e+07
1.303303e+00	2.463526e+07
2.095299e+00	7.365119e+07
2.095299e+00	7.365119e+07
3.119531e+00	4.711408e+07
3.119531e+00	4.711408e+07
3.159766e+00	4.886747e+07
3.159766e+00	4.886747e+07
3.262786e+00	5.660346e+07
3.262786e+00	5.660346e+07
3.980276e+00	7.247358e+07
3.980276e+00	7.247358e+07
4.870490e+00	5.609727e+07
4.870490e+00	5.609727e+07
5.886606e+00	6.366311e+07
5.886606e+00	6.366311e+07
5.983512e+00	6.758928e+07
5.983512e+00	6.758928e+07
7.029244e+00	9.107438e+07
7.029244e+00	9.107438e+07
7.612726e+00	7.152435e+07
7.612726e+00	7.152435e+07
8.066276e+00	8.172470e+07
8.066276e+00	8.172470e+07
8.599889e+00	8.558914e+07
8.599889e+00	8.558914e+07
9.340094e+00	1.347154e+08
9.340094e+00	1.347154e+08
9.914008e+00	9.723241e+07
9.914008e+00	9.723241e+07
1.012266e+01	1.127338e+08
1.012266e+01	1.127338e+08
1.051179e+01	1.064429e+08
1.051179e+01	1.064429e+08
1.091231e+01	1.276213e+08
1.091231e+01	1.276213e+08
1.092148e+01	1.304670e+08
1.092148e+01	1.304671e+08
1.159574e+01	1.788913e+08
1.159574e+01	1.788914e+08
1.227999e+01	1.078318e+08
1.227999e+01	1.078318e+08
1.229541e+01	1.174527e+08
1.229541e+01	1.174527e+08
1.259164e+01	9.328113e+07
1.259164e+01	9.328113e+07
1.329948e+01	1.313088e+08
1.329948e+01	1.313088e+08
1.342850e+01	1.007500e+08
1.342850e+01	1.007500e+08
1.397206e+01	1.099384e+08
1.397206e+01	1.099384e+08
1.450488e+01	1.110909e+08
1.450488e+01	1.110909e+08
1.492585e+01	1.220713e+08
1.492585e+01	1.220713e+08
1.600459e+01	1.123264e+08
1.600459e+01	1.123264e+08
1.611909e+01	1.127677e+08
1.611909e+01	1.127677e+08
1.677447e+01	1.255730e+08
1.677447e+01	1.255730e+08
1.690215e+01	9.427329e+07
1.690215e+01	9.427329e+07
1.752654e+01	1.140841e+08
1.752654e+01	1.140841e+08
1.809269e+01	1.211729e+08
1.809269e+01	1.211729e+08
1.825349e+01	1.466761e+08
1.825349e+01	1.466761e+08
1.884370e+01	1.278873e+08
1.884370e+01	1.278873e+08
1.899100e+01	1.682507e+08
1.899100e+01	1.682507e+08
1.955462e+01	1.552331e+08
1.955462e+01	1.552331e+08
2.015576e+01	9.987292e+07
2.015576e+01	9.987292e+07
2.023755e+01	1.063136e+08
2.023755e+01	1.063136e+08
2.052625e+01	1.205634e+08
2.052625e+01	1.205634e+08
2.067308e+01	1.196214e+08
2.067308e+01	1.196214e+08
2.141948e+01	1.606679e+08
2.141948e+01	1.606679e+08
2.195691e+01	9.700387e+07
2.195691e+01	9.700387e+07
2.216363e+01	1.134403e+08
2.216363e+01	1.134403e+08
2.222377e+01	1.174238e+08
2.222377e+01	1.174238e+08
2.319790e+01	1.367642e+08
2.319790e+01	1.367642e+08
2.328641e+01	1.430328e+08
2.328641e+01	1.430328e+08
2.351137e+01	1.452039e+08
2.351137e+01	1.452039e+08
2.515868e+01	1.658558e+08
2.515868e+01	1.658558e+08
2.567551e+01	1.189133e+08
2.567551e+01	1.189133e+08
2.592645e+01	1.455421e+08
2.592645e+01	1.455421e+08
2.592694e+01	1.453125e+08
2.592694e+01	1.453125e+08
2.681740e+01	1.640176e+08
2.681740e+01	1.640176e+08
2.684354e+01	1.788907e+08
2.684354e+01	1.788907e+08
2.692138e+01	1.534543e+08
2.692138e+01	1.534543e+08
2.698380e+01	1.763927e+08
2.698380e+01	1.763927e+08
2.732779e+01	1.341286e+08
2.732779e+01	1.341286e+08
2.745007e+01	1.035760e+08
2.745007e+01	1.035760e+08
2.777031e+01	1.486401e+08
2.777031e+01	1.486401e+08
2.840517e+01	1.136226e+08
2.840517e+01	1.136226e+08
2.865892e+01	1.378889e+08
2.865892e+01	1.378889e+08
3.049644e+01	1.060980e+08
3.049644e+01	1.060980e+08
3.085462e+01	9.378014e+07
3.085462e+01	9.378014e+07
3.120152e+01	1.384522e+08
3.120152e+01	1.384522e+08
3.219958e+01	1.012156e+08
3.219958e+01	1.012156e+08
3.224257e+01	1.041552e+08
3.224257e+01	1.041552e+08
3.224595e+01	1.064742e+08
3.224595e+01	1.064742e+08
3.260614e+01	9.121329e+07
3.260614e+01	9.121329e+07
3.260616e+01	9.142003e+07
3.260616e+01	9.142003e+07
3.518302e+01	7.666424e+07
3.518302e+01	7.666424e+07
3.519150e+01	7.484606e+07
3.519150e+01	7.484606e+07
3.577871e+01	7.009281e+07
3.577871e+01	7.009281e+07
3.580290e+01	7.076818e+07
3.580290e+01	7.076818e+07
3.929428e+01	5.126719e+07
3.929428e+01	5.126719e+07
3.930165e+01	5.303270e+07
3.930165e+01	5.303271e+07
4.210342e+01	6.059908e+07
4.210342e+01	6.059908e+07
4.211103e+01	5.891243e+07
4.211103e+01	5.891243e+07
4.447326e+01	5.949062e+07
4.447326e+01	5.949062e+07
4.448380e+01	5.562489e+07
4.448380e+01	5.562489e+07
4.453141e+01	8.473141e+07
4.453141e+01	8.473137e+07
4.475190e+01	4.567276e+07
4.475190e+01	4.567276e+07
4.893853e+01	5.188823e+07
4.893853e+01	5.188823e+07
4.894565e+01	6.714317e+07
4.894565e+01	6.714318e+07
4.923025e+01	5.356448e+07
4.923025e+01	5.356448e+07
4.923665e+01	5.593144e+07
4.923665e+01	5.593144e+07
5.401235e+01	3.620808e+07
5.401235e+01	3.620808e+07
5.401900e+01	5.732334e+07
5.401900e+01	5.732334e+07
5.435470e+01	8.052361e+07
5.435470e+01	8.052361e+07
5.436391e+01	7.773242e+07
5.436391e+01	7.773242e+07
5.568600e+01	8.482024e+07
5.568600e+01	8.482024e+07
5.569193e+01	9.220007e+07
5.569193e+01	9.220007e+07
5.658301e+01	7.111911e+07
5.658301e+01	7.111911e+07
5.658359e+01	7.135355e+07
5.658359e+01	7.135355e+07
5.829868e+01	4.801288e+07
5.829868e+01	4.801288e+07
5.830035e+01	4.780992e+07
5.830035e+01	4.780992e+07
6.116012e+01	2.450079e+08
6.116012e+01	2.450080e+08
6.118185e+01	1.343499e+08
6.118185e+01	1.343499e+08
6.120513e+01	4.397854e+07
6.120513e+01	4.397854e+07
6.120530e+01	4.378105e+07
6.120530e+01	4.378105e+07
6.155186e+01	1.272326e+08
6.155186e+01	1.272326e+08
6.157327e+01	1.106133e+08
6.157327e+01	1.106133e+08
9.099504e+01	6.891553e+06
9.099504e+01	6.891553e+06
9.099504e+01	6.892937e+06
9.099504e+01	6.892938e+06
9.100653e+01	4.296408e+06
9.100653e+01	4.296408e+06
9.100653e+01	4.293042e+06
9.100653e+01	4.293041e+06
9.127079e+01	1.233628e+06
9.127079e+01	1.233628e+06
9.127082e+01	1.234834e+06
9.127082e+01	1.234834e+06
9.127917e+01	3.004339e+06
9.127917e+01	3.004339e+06
9.127919e+01	3.019404e+06
9.127919e+01	3.019404e+06
1.161420e+02	2.738889e+06
1.161420e+02	2.738889e+06
1.161669e+02	2.169046e+06
1.161669e+02	2.169046e+06
1.077344e+00	6.361079e+06
1.077344e+00	6.361079e+06
1.077855e+00	6.374803e+06
1.077855e+00	6.374803e+06
1.353335e+00	1.014610e+07
1.353335e+00	1.014610e+07
2.297313e+00	2.890516e+07
2.297313e+00	2.890516e+07
2.994400e+00	2.207394e+07
2.994400e+00	2.207394e+07
3.221512e+00	3.101238e+07
3.221512e+00	3.101238e+07
3.681571e+00	2.544246e+07
3.681571e+00	2.544246e+07
4.912584e+00	2.761178e+07
4.912584e+00	2.761178e+07
5.309221e+00	5.446442e+07
5.309221e+00	5.446443e+07
6.049245e+00	2.793213e+07
6.049245e+00	2.793213e+07
6.134916e+00	3.007410e+07
6.134916e+00	3.007410e+07
6.895328e+00	3.580471e+07
6.895328e+00	3.580471e+07
7.159710e+00	4.767782e+07
7.159710e+00	4.767782e+07
8.060952e+00	2.986161e+07
8.060952e+00	2.986161e+07
8.296235e+00	4.858613e+07
8.296235e+00	4.858613e+07
9.190898e+00	5.997259e+07
9.190898e+00	5.997259e+07
1.009197e+01	5.945987e+07
1.009197e+01	5.945987e+07
1.012873e+01	4.426039e+07
1.012873e+01	4.426039e+07
1.068071e+01	4.473170e+07
1.068071e+01	4.473170e+07
1.084574e+01	6.021008e+07
1.084574e+01	6.021009e+07
1.091903e+01	3.971553e+07
1.091903e+01	3.971553e+07
1.183328e+01	5.204232e+07
1.183328e+01	5.204232e+07
1.229642e+01	4.186176e+07
1.229642e+01	4.186176e+07
1.231497e+01	4.416674e+07
1.231497e+01	4.416674e+07
1.233282e+01	4.859087e+07
1.233282e+01	4.859087e+07
1.310232e+01	5.730650e+07
1.310232e+01	5.730650e+07
1.394903e+01	4.038862e+07
1.394903e+01	4.038862e+07
1.401226e+01	5.525159e+07
1.401226e+01	5.525159e+07
1.403652e+01	4.980291e+07
1.403652e+01	4.980291e+07
1.409581e+01	5.054463e+07
1.409581e+01	5.054463e+07
1.552273e+01	5.977710e+07
1.552273e+01	5.977710e+07
1.652495e+01	4.720656e+07
1.652495e+01	4.720656e+07
1.662800e+01	6.100611e+07
1.662800e+01	6.100611e+07
1.674860e+01	4.993680e+07
1.674860e+01	4.993680e+07
1.751217e+01	5.362677e+07
1.751217e+01	5.362677e+07
1.791697e+01	6.474220e+07
1.791697e+01	6.474220e+07
1.827083e+01	6.073636e+07
1.827083e+01	6.073636e+07
1.885975e+01	7.139437e+07
1.885975e+01	7.139437e+07
1.898398e+01	6.778838e+07
1.898398e+01	6.778838e+07
1.937223e+01	5.598088e+07
1.937223e+01	5.598088e+07
2.028542e+01	4.862008e+07
2.028542e+01	4.862008e+07
2.054734e+01	5.643528e+07
2.054734e+01	5.643528e+07
2.069279e+01	6.420157e+07
2.069279e+01	6.420157e+07
2.141868e+01	9.026786e+07
2.141868e+01	9.026786e+07
2.155521e+01	4.812204e+07
2.155521e+01	4.812204e+07
2.206707e+01	4.235160e+07
2.206707e+01	4.235160e+07
2.216978e+01	4.684101e+07
2.216978e+01	4.684101e+07
2.230522e+01	7.531608e+07
2.230522e+01	7.531608e+07
2.297329e+01	6.714324e+07
2.297329e+01	6.714324e+07
2.331978e+01	4.234763e+07
2.331978e+01	4.234763e+07
2.470807e+01	5.851315e+07
2.470807e+01	5.851315e+07
2.474533e+01	6.052670e+07
2.474533e+01	6.052670e+07
2.554030e+01	6.553135e+07
2.554030e+01	6.553135e+07
2.595045e+01	1.023723e+08
2.595045e+01	1.023723e+08
2.595325e+01	1.016454e+08
2.595325e+01	1.016454e+08
2.604004e+01	7.343970e+07
2.604004e+01	7.343970e+07
2.681555e+01	1.087877e+08
2.681555e+01	1.087877e+08
2.682881e+01	1.208444e+08
2.682881e+01	1.208444e+08
2.717735e+01	5.014477e+07
2.717735e+01	5.014477e+07
2.722656e+01	4.776980e+07
2.722656e+01	4.776980e+07
2.760765e+01	6.523064e+07
2.760765e+01	6.523064e+07
2.765247e+01	7.703989e+07
2.765247e+01	7.703989e+07
2.839955e+01	6.123959e+07
2.839955e+01	6.123959e+07
2.851504e+01	5.569798e+07
2.851504e+01	5.569798e+07
3.074284e+01	4.312156e+07
3.074284e+01	4.312156e+07
3.092154e+01	4.005515e+07
3.092154e+01	4.005515e+07
3.146659e+01	4.233586e+07
3.146659e+01	4.233586e+07
3.166755e+01	8.158006e+07
3.166755e+01	8.158006e+07
3.222419e+01	4.769801e+07
3.222419e+01	4.769801e+07
3.222482e+01	4.772090e+07
3.222482e+01	4.772090e+07
3.262578e+01	4.127341e+07
3.262578e+01	4.127341e+07
3.262581e+01	4.127008e+07
3.262581e+01	4.127008e+07
3.508523e+01	3.022069e+07
3.508523e+01	3.022069e+07
3.509395e+01	3.090969e+07
3.509395e+01	3.090969e+07
3.577700e+01	3.033229e+07
3.577700e+01	3.033229e+07
3.579194e+01	3.025958e+07
3.579194e+01	3.025958e+07
3.930502e+01	2.482512e+07
3.930502e+01	2.482512e+07
3.931297e+01	2.426128e+07
3.931297e+01	2.426128e+07
4.209952e+01	2.626743e+07
4.209952e+01	2.626743e+07
4.210888e+01	2.964263e+07
4.210888e+01	2.964263e+07
4.443249e+01	2.583611e+07
4.443249e+01	2.583611e+07
4.444121e+01	2.555005e+07
4.444121e+01	2.555005e+07
4.464042e+01	2.027569e+07
4.464042e+01	2.027569e+07
4.464563e+01	2.022670e+07
4.464563e+01	2.022670e+07
4.896869e+01	2.215795e+07
4.896869e+01	2.215795e+07
4.897589e+01	2.184045e+07
4.897589e+01	2.184045e+07
4.929460e+01	3.000721e+07
4.929460e+01	3.000721e+07
4.930052e+01	2.674955e+07
4.930052e+01	2.674955e+07
5.399283e+01	2.079303e+07
5.399283e+01	2.079303e+07
5.399970e+01	2.759093e+07
5.399970e+01	2.759093e+07
5.433709e+01	2.670654e+07
5.433709e+01	2.670654e+07
5.434595e+01	2.997997e+07
5.434595e+01	2.997997e+07
5.570491e+01	5.694307e+07
5.570491e+01	5.694307e+07
5.571074e+01	5.565642e+07
5.571074e+01	5.565642e+07
5.663562e+01	7.396549e+07
5.663562e+01	7.396549e+07
5.663616e+01	7.385377e+07
5.663616e+01	7.385377e+07
5.827926e+01	2.297315e+07
5.827926e+01	2.297315e+07
5.828094e+01	2.281950e+07
5.828094e+01	2.281950e+07
6.116350e+01	1.461494e+07
6.116350e+01	1.461494e+07
6.117519e+01	1.385875e+07
6.117519e+01	1.385875e+07
6.117552e+01	1.383585e+07
6.117552e+01	1.383585e+07
6.118651e+01	1.313218e+07
6.118651e+01	1.313218e+07
6.155061e+01	2.141268e+07
6.155061e+01	2.141268e+07
6.157046e+01	1.648192e+07
6.157046e+01	1.648192e+07
9.096378e+01	9.432142e+05
9.096378e+01	9.432142e+05
9.096378e+01	9.431599e+05
9.096378e+01	9.431599e+05
9.107407e+01	3.851679e+06
9.107407e+01	3.851678e+06
9.107407e+01	3.850942e+06
9.107407e+01	3.850942e+06
9.119287e+01	8.632444e+04
9.119287e+01	8.632444e+04
9.119290e+01	8.631930e+04
9.119290e+01	8.631930e+04
9.132081e+01	3.670343e+06
9.132081e+01	3.670343e+06
9.132083e+01	3.671200e+06
9.132083e+01	3.671200e+06
1.161545e+02	5.701863e+05
1.161545e+02	5.701863e+05
1.161545e+02	5.701863e+05
1.161545e+02	5.701863e+05
9.147868e-01	1.808108e+07
9.147868e-01	1.808108e+07
9.399119e-01	1.733223e+07
9.399119e-01	1.733223e+07
1.303303e+00	2.463526e+07
1.303303e+00	2.463526e+07
2.095299e+00	7.365119e+07
2.095299e+00	7.365119e+07
3.119531e+00	4.711408e+07
3.119531e+00	4.711408e+07
3.159766e+00	4.886747e+07
3.159766e+00	4.886747e+07
3.262786e+00	5.660346e+07
3.262786e+00	5.660346e+07
3.980276e+00	7.247358e+07
3.980276e+00	7.247358e+07
4.870490e+00	5.609727e+07
4.870490e+00	5.609727e+07
5.886606e+00	6.366311e+07
5.886606e+00	6.366311e+07
5.983512e+00	6.758928e+07
5.983512e+00	6.758928e+07
7.029244e+00	9.107438e+07
7.029244e+00	9.107438e+07
7.612726e+00	7.152435e+07
7.612726e+00	7.152435e+07
8.066276e+00	8.172470e+07
8.066276e+00	8.172470e+07
8.599889e+00	8.558914e+07
8.599889e+00	8.558914e+07
9.340094e+00	1.347154e+08
9.340094e+00	1.347154e+08
9.914008e+00	9.723241e+07
9.914008e+00	9.723241e+07
1.012266e+01	1.127338e+08
1.012266e+01	1.127338e+08
1.051179e+01	1.064429e+08
1.051179e+01	1.064429e+08
1.091231e+01	1.276213e+08
1.091231e+01	1.276213e+08
1.092148e+01	1.304670e+08
1.092148e+01	1.304671e+08
1.159574e+01	1.788913e+08
1.159574e+01	1.788914e+08
1.227999e+01	1.078318e+08
1.227999e+01	1.078318e+08
1.229541e+01	1.174527e+08
1.229541e+01	1.174527e+08
1.259164e+01	9.328113e+07
1.259164e+01	9.328113e+07
1.329948e+01	1.313088e+08
1.329948e+01	1.313088e+08
1.342850e+01	1.007500e+08
1.342850e+01	1.007500e+08
1.397206e+01	1.099384e+08
1.397206e+01	1.099384e+08
1.450488e+01	1.110909e+08
1.450488e+01	1.110909e+08
1.492585e+01	1.220713e+08
1.492585e+01	1.220713e+08
1.600459e+01	1.123264e+08
1.600459e+01	1.123264e+08
1.611909e+01	1.127677e+08
1.611909e+01	1.127677e+08
1.677447e+01	1.255730e+08
1.677447e+01	1.255730e+08
1.690215e+01	9.427329e+07
1.690215e+01	9.427329e+07
1.752654e+01	1.140841e+08
1.752654e+01	1.140841e+08
1.809269e+01	1.211729e+08
1.809269e+01	1.211729e+08
1.825349e+01	1.466761e+08
1.825349e+01	1.466761e+08
1.884370e+01	1.278873e+08
1.884370e+01	1.278873e+08
1.899100e+01	1.682507e+08
1.899100e+01	1.682507e+08
1.955462e+01	1.552331e+08
1.955462e+01	1.552331e+08
2.015576e+01	9.987292e+07
2.015576e+01	9.987292e+07
2.023755e+01	1.063136e+08
2.023755e+01	1.063136e+08
2.052625e+01	1.205634e+08
2.052625e+01	1.205634e+08
2.067308e+01	1.196214e+08
2.067308e+01	1.196214e+08
2.141948e+01	1.606679e+08
2.141948e+01	1.606679e+08
2.195691e+01	9.700387e+07
2.195691e+01	9.700387e+07
2.216363e+01	1.134403e+08
2.216363e+01	1.134403e+08
2.222377e+01	1.174238e+08
2.222377e+01	1.174238e+08
2.319790e+01	1.367642e+08
2.319790e+01	1.367642e+08
2.328641e+01	1.430328e+08
2.328641e+01	1.430328e+08
2.351137e+01	1.452039e+08
2.351137e+01	1.452039e+08
2.515868e+01	1.658558e+08
2.515868e+01	1.658558e+08
2.567551e+01	1.189133e+08
2.567551e+01	1.189133e+08
2.592645e+01	1.455421e+08
2.592645e+01	1.455421e+08
2.592694e+01	1.453125e+08
2.592694e+01	1.453125e+08
2.681740e+01	1.640176e+08
2.681740e+01	1.640176e+08
2.684354e+01	1.788907e+08
2.684354e+01	1.788907e+08
2.692138e+01	1.534543e+08
2.692138e+01	1.534543e+08
2.698380e+01	1.763927e+08
2.698380e+01	1.763927e+08
2.732779e+01	1.341286e+08
2.732779e+01	1.341286e+08
2.745007e+01	1.035760e+08
2.745007e+01	1.035760e+08
2.777031e+01	1.486401e+08
2.777031e+01	1.486401e+08
2.840517e+01	1.136226e+08
2.840517e+01	1.136226e+08
2.865892e+01	1.378889e+08
2.865892e+01	1.378889e+08
3.049644e+01	1.060980e+08
3.049644e+01	1.060980e+08
3.085462e+01	9.378014e+07
3.085462e+01	9.378014e+07
3.120152e+01	1.384522e+08
3.120152e+01	1.384522e+08
3.219958e+01	1.012156e+08
3.219958e+01	1.012156e+08
3.224257e+01	1.041552e+08
3.224257e+01	1.041552e+08
3.224595e+01	1.064742e+08
3.224595e+01	1.064742e+08
3.260614e+01	9.121329e+07
3.260614e+01	9.121329e+07
3.260616e+01	9.142003e+07
3.260616e+01	9.142003e+07
3.518302e+01	7.666424e+07
3.518302e+01	7.666424e+07
3.519150e+01	7.484606e+07
3.519150e+01	7.484606e+07
3.577871e+01	7.009281e+07
3.577871e+01	7.009281e+07
3.580290e+01	7.076818e+07
3.580290e+01	7.076818e+07
3.929428e+01	5.126719e+07
3.929428e+01	5.126719e+07
3.930165e+01	5.303270e+07
3.930165e+01	5.303271e+07
4.210342e+01	6.059908e+07
4.210342e+01	6.059908e+07
4.211103e+01	5.891243e+07
4.211103e+01	5.891243e+07
4.447326e+01	5.949062e+07
4.447326e+01	5.949062e+07
4.448380e+01	5.562489e+07
4.448380e+01	5.562489e+07
4.453141e+01	8.473141e+07
4.453141e+01	8.473137e+07
4.475190e+01	4.567276e+07
4.475190e+01	4.567276e+07
4.893853e+01	5.188823e+07
4.893853e+01	5.188823e+07
4.894565e+01	6.714317e+07
4.894565e+01	6.714318e+07
4.923025e+01	5.356448e+07
4.923025e+01	5.356448e+07
4.923665e+01	5.593144e+07
4.923665e+01	5.593144e+07
5.401235e+01	3.620808e+07
5.401235e+01	3.620808e+07
5.401900e+01	5.732334e+07
5.401900e+01	5.732334e+07
5.435470e+01	8.052361e+07
5.435470e+01	8.052361e+07
5.436391e+01	7.773242e+07
5.436391e+01	7.773242e+07
5.568600e+01	8.482024e+07
5.568600e+01	8.482024e+07
5.569193e+01	9.220007e+07
5.569193e+01	9.220007e+07
5.658301e+01	7.111911e+07
5.658301e+01	7.111911e+07
5.658359e+01	7.135355e+07
5.658359e+01	7.135355e+07
5.829868e+01	4.801288e+07
5.829868e+01	4.801288e+07
5.830035e+01	4.780992e+07
5.830035e+01	4.780992e+07
6.116012e+01	2.450079e+08
6.116012e+01	2.450080e+08
6.118185e+01	1.343499e+08
6.118185e+01	1.343499e+08
6.120513e+01	4.397854e+07
6.120513e+01	4.397854e+07
6.120530e+01	4.378105e+07
6.120530e+01	4.378105e+07
6.155186e+01	1.272326e+08
6.155186e+01	1.272326e+08
6.157327e+01	1.106133e+08
6.157327e+01	1.106133e+08
9.099504e+01	6.891553e+06
9.099504e+01	6.891553e+06
9.099504e+01	6.892937e+06
9.099504e+01	6.892938e+06
9.100653e+01	4.296408e+06
9.100653e+01	4.296408e+06
9.100653e+01	4.293042e+06
9.100653e+01	4.293041e+06
9.127079e+01	1.233628e+06
9.127079e+01	1.233628e+06
9.127082e+01	1.234834e+06
9.127082e+01	1.234834e+06
9.127917e+01	3.004339e+06
9.127917e+01	3.004339e+06
9.127919e+01	3.019404e+06
9.127919e+01	3.019404e+06
1.161420e+02	2.738889e+06
1.161420e+02	2.738889e+06
1.161669e+02	2.169046e+06
1.161669e+02	2.169046e+06
7.258338e-01	3.782405e+06
7.258339e-01	3.782405e+06
7.804330e-01	4.180733e+06
7.804330e-01	4.180733e+06
1.315576e+00	1.360444e+07
1.315576e+00	1.360444e+07
1.377219e+00	1.180449e+07
1.377219e+00	1.180449e+07
2.414523e+00	2.724002e+07
2.414523e+00	2.724002e+07
2.484335e+00	2.423924e+07
2.484335e+00	2.423924e+07
2.962411e+00	2.259141e+07
2.962411e+00	2.259141e+07
3.684002e+00	2.417112e+07
3.684002e+00	2.417112e+07
4.996947e+00	3.540235e+07
4.996947e+00	3.540235e+07
5.392881e+00	5.700847e+07
5.392881e+00	5.700847e+07
6.232776e+00	2.383813e+07
6.232776e+00	2.383813e+07
6.868987e+00	4.377276e+07
6.868987e+00	4.377276e+07
8.298746e+00	3.764752e+07
8.298746e+00	3.764752e+07
8.339296e+00	3.708947e+07
8.339296e+00	3.708947e+07
8.815406e+00	3.907467e+07
8.815406e+00	3.907467e+07
9.323441e+00	6.508230e+07
9.323441e+00	6.508230e+07
9.849174e+00	5.795675e+07
9.849174e+00	5.795676e+07
1.001661e+01	4.741378e+07
1.001661e+01	4.741378e+07
1.047802e+01	2.921195e+07
1.047802e+01	2.921195e+07
1.071193e+01	4.289011e+07
1.071193e+01	4.289011e+07
1.112637e+01	5.661540e+07
1.112637e+01	5.661540e+07
1.149501e+01	6.297426e+07
1.149501e+01	6.297425e+07
1.222568e+01	4.284619e+07
1.222568e+01	4.284619e+07
1.227748e+01	4.225348e+07
1.227748e+01	4.225348e+07
1.235198e+01	4.995499e+07
1.235198e+01	4.995499e+07
1.351967e+01	5.011460e+07
1.351967e+01	5.011460e+07
1.361234e+01	5.924140e+07
1.361234e+01	5.924140e+07
1.384364e+01	4.283475e+07
1.384364e+01	4.283475e+07
1.398463e+01	3.691218e+07
1.398463e+01	3.691218e+07
1.573641e+01	4.774745e+07
1.573641e+01	4.774745e+07
1.645207e+01	4.357718e+07
1.645207e+01	4.357718e+07
1.664717e+01	5.271195e+07
1.664717e+01	5.271195e+07
1.676472e+01	5.896595e+07
1.676472e+01	5.896595e+07
1.740993e+01	5.092189e+07
1.740993e+01	5.092189e+07
1.741306e+01	5.103144e+07
1.741306e+01	5.103144e+07
1.813261e+01	4.390093e+07
1.813261e+01	4.390093e+07
1.840826e+01	6.289916e+07
1.840826e+01	6.289916e+07
1.889777e+01	6.861048e+07
1.889777e+01	6.861048e+07
1.896912e+01	6.294199e+07
1.896912e+01	6.294199e+07
1.928502e+01	4.855535e+07
1.928502e+01	4.855535e+07
1.949738e+01	6.708740e+07
1.949738e+01	6.708740e+07
1.998336e+01	6.398295e+07
1.998336e+01	6.398295e+07
2.038500e+01	5.163234e+07
2.038500e+01	5.163234e+07
2.050620e+01	7.292490e+07
2.050620e+01	7.292490e+07
2.145559e+01	6.168793e+07
2.145559e+01	6.168793e+07
2.196245e+01	4.835516e+07
2.196245e+01	4.835516e+07
2.204391e+01	4.635432e+07
2.204391e+01	4.635432e+07
2.217470e+01	4.455512e+07
2.217470e+01	4.455512e+07
2.222563e+01	5.187628e+07
2.222563e+01	5.187628e+07
2.328447e+01	5.196139e+07
2.328447e+01	5.196139e+07
2.331171e+01	4.779176e+07
2.331171e+01	4.779176e+07
2.589943e+01	9.835051e+07
2.589943e+01	9.835051e+07
2.589989e+01	9.827815e+07
2.589989e+01	9.827815e+07
2.598663e+01	7.953891e+07
2.598663e+01	7.953891e+07
2.602559e+01	7.286126e+07
2.602559e+01	7.286126e+07
2.627469e+01	5.227807e+07
2.627469e+01	5.227807e+07
2.685248e+01	1.039993e+08
2.685248e+01	1.039993e+08
2.687541e+01	1.013260e+08
2.687541e+01	1.013260e+08
2.697864e+01	6.546760e+07
2.697864e+01	6.546760e+07
2.744616e+01	5.342768e+07
2.744616e+01	5.342768e+07
2.771770e+01	9.147724e+07
2.771770e+01	9.147724e+07
2.785274e+01	8.980447e+07
2.785274e+01	8.980447e+07
2.843017e+01	6.141390e+07
2.843017e+01	6.141390e+07
2.876085e+01	4.841674e+07
2.876085e+01	4.841674e+07
3.037554e+01	5.394747e+07
3.037554e+01	5.394747e+07
3.050689e+01	6.602790e+07
3.050689e+01	6.602790e+07
3.135892e+01	8.852857e+07
3.135892e+01	8.852857e+07
3.226236e+01	3.565319e+07
3.226236e+01	3.565319e+07
3.226345e+01	3.536730e+07
3.226345e+01	3.536730e+07
3.245085e+01	3.299317e+07
3.245085e+01	3.299317e+07
3.258421e+01	4.762977e+07
3.258421e+01	4.762977e+07
3.258431e+01	4.764920e+07
3.258431e+01	4.764920e+07
3.528085e+01	3.311940e+07
3.528085e+01	3.311940e+07
3.528735e+01	3.286249e+07
3.528735e+01	3.286249e+07
3.578101e+01	3.485393e+07
3.578101e+01	3.485393e+07
3.581407e+01	3.090439e+07
3.581407e+01	3.090439e+07
3.928471e+01	2.611205e+07
3.928471e+01	2.611205e+07
3.928933e+01	2.431997e+07
3.928933e+01	2.431997e+07
4.210798e+01	2.595866e+07
4.210798e+01	2.595866e+07
4.211253e+01	2.587860e+07
4.211253e+01	2.587860e+07
4.447427e+01	2.503795e+07
4.447427e+01	2.503795e+07
4.452542e+01	4.104060e+07
4.452542e+01	4.104060e+07
4.452669e+01	4.082109e+07
4.452669e+01	4.082109e+07
4.479560e+01	2.063037e+07
4.479560e+01	2.063037e+07
4.890844e+01	3.304216e+07
4.890844e+01	3.304216e+07
4.891386e+01	3.193404e+07
4.891386e+01	3.193404e+07
4.916629e+01	2.832919e+07
4.916629e+01	2.832918e+07
4.917234e+01	2.650835e+07
4.917234e+01	2.650835e+07
5.403291e+01	1.868998e+07
5.403291e+01	1.868998e+07
5.403700e+01	1.739041e+07
5.403700e+01	1.739041e+07
5.437400e+01	4.476005e+07
5.437400e+01	4.476005e+07
5.438147e+01	5.041496e+07
5.438147e+01	5.041496e+07
5.566853e+01	9.701975e+07
5.566853e+01	9.701975e+07
5.567178e+01	9.393321e+07
5.567178e+01	9.393321e+07
5.653043e+01	4.336137e+07
5.653043e+01	4.336137e+07
5.653075e+01	4.346027e+07
5.653075e+01	4.346027e+07
5.831791e+01	1.825776e+07
5.831791e+01	1.825776e+07
5.831943e+01	1.817691e+07
5.831943e+01	1.817691e+07
6.116417e+01	1.512848e+07
6.116417e+01	1.512848e+07
6.117037e+01	1.453367e+07
6.117037e+01	1.453367e+07
6.123390e+01	2.229591e+07
6.123390e+01	2.229591e+07
6.123428e+01	2.231381e+07
6.123428e+01	2.231381e+07
6.155713e+01	1.943748e+07
6.155713e+01	1.943748e+07
6.157242e+01	1.681400e+07
6.157242e+01	1.681400e+07
9.094664e+01	9.234405e+05
9.094664e+01	9.234405e+05
9.094664e+01	9.233613e+05
9.094664e+01	9.233613e+05
9.107058e+01	6.595138e+06
9.107058e+01	6.595138e+06
9.107059e+01	6.595264e+06
9.107059e+01	6.595264e+06
9.121620e+01	9.136120e+04
9.121620e+01	9.136120e+04
9.121623e+01	9.137684e+04
9.121623e+01	9.137684e+04
9.131808e+01	3.007598e+06
9.131808e+01	3.007598e+06
9.131811e+01	3.009416e+06
9.131811e+01	3.009416e+06
1.161369e+02	5.697489e+05
1.161369e+02	5.697489e+05
1.161721e+02	5.786689e+05
1.161721e+02	5.786689e+05
9.190286e-01	1.451750e+07
9.190314e-01	1.451736e+07
9.408212e-01	1.459664e+07
9.408234e-01	1.459629e+07
1.445480e+00	3.159624e+07
1.445497e+00	3.159612e+07
2.173564e+00	6.184283e+07
2.173572e+00	6.184701e+07
2.607769e+00	4.698391e+07
2.607939e+00	4.702132e+07
3.027596e+00	4.466584e+07
3.027615e+00	4.466813e+07
3.647333e+00	6.068939e+07
3.647366e+00	6.068740e+07
4.254852e+00	6.112081e+07
4.254933e+00	6.105202e+07
4.493112e+00	6.702563e+07
4.493166e+00	6.707098e+07
5.865690e+00	6.445619e+07
5.865764e+00	6.445977e+07
6.660012e+00	7.226873e+07
6.660043e+00	7.224498e+07
6.790643e+00	6.498400e+07
6.791109e+00	6.506122e+07
7.645093e+00	7.643803e+07
7.645304e+00	7.637195e+07
7.885006e+00	7.198030e+07
7.885466e+00	7.223770e+07
8.234471e+00	6.948379e+07
8.234532e+00	6.948270e+07
9.098644e+00	1.423188e+08
9.098876e+00	1.424474e+08
1.026672e+01	7.596641e+07
1.026675e+01	7.596265e+07
1.028831e+01	7.757732e+07
1.028832e+01	7.757322e+07
1.059529e+01	1.061595e+08
1.059533e+01	1.060725e+08
1.069624e+01	7.827540e+07
1.069625e+01	7.827901e+07
1.149025e+01	1.410068e+08
1.149027e+01	1.410011e+08
1.159423e+01	1.173863e+08
1.159441e+01	1.295341e+08
1.215612e+01	9.758649e+07
1.215619e+01	9.759401e+07
1.229579e+01	9.882033e+07
1.229580e+01	9.881881e+07
1.230364e+01	9.717449e+07
1.230366e+01	9.718919e+07
1.335864e+01	1.954012e+08
1.335867e+01	1.954143e+08
1.351484e+01	1.060102e+08
1.351496e+01	1.061638e+08
1.352003e+01	1.019861e+08
1.352037e+01	1.017518e+08
1.451752e+01	1.082458e+08
1.451772e+01	1.081806e+08
1.499557e+01	1.021279e+08
1.499560e+01	1.021322e+08
1.623627e+01	1.007214e+08
1.623695e+01	1.004485e+08
1.660104e+01	1.223746e+08
1.660112e+01	1.232670e+08
1.664448e+01	1.068713e+08
1.664487e+01	1.070712e+08
1.693871e+01	1.727189e+08
1.693928e+01	1.151625e+08
1.704054e+01	1.135981e+08
1.704078e+01	1.140085e+08
1.791257e+01	1.120990e+08
1.791258e+01	1.121018e+08
1.850520e+01	1.486691e+08
1.850532e+01	1.486073e+08
1.852490e+01	1.647760e+08
1.852497e+01	1.647243e+08
1.932056e+01	1.865197e+08
1.932136e+01	1.874875e+08
1.978971e+01	1.182834e+08
1.979012e+01	1.175787e+08
1.988183e+01	1.253469e+08
1.988216e+01	1.251084e+08
2.034240e+01	1.243399e+08
2.034297e+01	1.244689e+08
2.049914e+01	1.223856e+08
2.049994e+01	1.176232e+08
2.055315e+01	1.252460e+08
2.055333e+01	1.253690e+08
2.148998e+01	1.452234e+08
2.149006e+01	1.452070e+08
2.193781e+01	1.051028e+08
2.193830e+01	1.047240e+08
2.217308e+01	9.743094e+07
2.217322e+01	9.746479e+07
2.220853e+01	1.104378e+08
2.220873e+01	1.106429e+08
2.321489e+01	1.176893e+08
2.321537e+01	1.175517e+08
2.327874e+01	1.220558e+08
2.327881e+01	1.221784e+08
2.350806e+01	1.471936e+08
2.350809e+01	1.471800e+08
2.508472e+01	1.403409e+08
2.508485e+01	1.401488e+08
2.582325e+01	1.298222e+08
2.582342e+01	1.297814e+08
2.592623e+01	1.493073e+08
2.592623e+01	1.493061e+08
2.593188e+01	1.446796e+08
2.593190e+01	1.446750e+08
2.665431e+01	1.386042e+08
2.665477e+01	1.399949e+08
2.684414e+01	1.741038e+08
2.684425e+01	1.742235e+08
2.685983e+01	1.834742e+08
2.686025e+01	1.837032e+08
2.710937e+01	9.984657e+07
2.710941e+01	9.946426e+07
2.731691e+01	1.369380e+08
2.731692e+01	1.369425e+08
2.748070e+01	1.177450e+08
2.748073e+01	1.177779e+08
2.777741e+01	1.479563e+08
2.777767e+01	1.553897e+08
2.839139e+01	1.203336e+08
2.839142e+01	1.202991e+08
2.866327e+01	1.223722e+08
2.866334e+01	1.223651e+08
3.050124e+01	1.048683e+08
3.050124e+01	1.048684e+08
3.084019e+01	1.020491e+08
3.084019e+01	1.020472e+08
3.121251e+01	1.373043e+08
3.121251e+01	1.373018e+08
3.219778e+01	1.000270e+08
3.219780e+01	1.000545e+08
3.224284e+01	1.063307e+08
3.224284e+01	1.063326e+08
3.224595e+01	1.079782e+08
3.224597e+01	1.079718e+08
3.260612e+01	9.211384e+07
3.260612e+01	9.211388e+07
3.260618e+01	9.215098e+07
3.260618e+01	9.215099e+07
3.518448e+01	7.068483e+07
3.518448e+01	7.068487e+07
3.518993e+01	7.113949e+07
3.518993e+01	7.113949e+07
3.577969e+01	6.940225e+07
3.577969e+01	6.940393e+07
3.580201e+01	7.029366e+07
3.580201e+01	7.029122e+07
3.929634e+01	5.026691e+07
3.929634e+01	5.026698e+07
3.929959e+01	5.080931e+07
3.929959e+01	5.080982e+07
4.210554e+01	6.126083e+07
4.210554e+01	6.126060e+07
4.210890e+01	6.061452e+07
4.210890e+01	6.061402e+07
4.447463e+01	5.914940e+07
4.447463e+01	5.914940e+07
4.448222e+01	5.791492e+07
4.448222e+01	5.791502e+07
4.453162e+01	1.138376e+08
4.453162e+01	1.138403e+08
4.475190e+01	4.897713e+07
4.475190e+01	4.897710e+07
4.894011e+01	5.805114e+07
4.894011e+01	5.805096e+07
4.894402e+01	5.935618e+07
4.894402e+01	5.935625e+07
4.923138e+01	5.062744e+07
4.923138e+01	5.062765e+07
4.923557e+01	5.784610e+07
4.923557e+01	5.784636e+07
5.401420e+01	3.860048e+07
5.401420e+01	3.860257e+07
5.401708e+01	4.810720e+07
5.401709e+01	4.810728e+07
5.435669e+01	7.658669e+07
5.435669e+01	7.658572e+07
5.436198e+01	7.700490e+07
5.436198e+01	7.700885e+07
5.568783e+01	8.588399e+07
5.568783e+01	8.588428e+07
5.569010e+01	9.119320e+07
5.569010e+01	9.119384e+07
5.658319e+01	7.201940e+07
5.658319e+01	7.201941e+07
5.658341e+01	7.205048e+07
5.658341e+01	7.205049e+07
5.829897e+01	6.035691e+07
5.829897e+01	6.035596e+07
5.830006e+01	5.183752e+07
5.830006e+01	5.183655e+07
6.116859e+01	3.606355e+07
6.116859e+01	3.606362e+07
6.117293e+01	4.884324e+07
6.117293e+01	4.884919e+07
6.120503e+01	4.615422e+07
6.120503e+01	4.615368e+07
6.120536e+01	4.442416e+07
6.120536e+01	4.442355e+07
6.155741e+01	6.324571e+07
6.155741e+01	6.325161e+07
6.156823e+01	3.624939e+07
6.156823e+01	3.624941e+07
9.099504e+01	6.735917e+06
9.099504e+01	6.735917e+06
9.099505e+01	6.740159e+06
9.099505e+01	6.740159e+06
9.100652e+01	3.972881e+06
9.100652e+01	3.972881e+06
9.100653e+01	3.960954e+06
9.100653e+01	3.960954e+06
9.127079e+01	1.228598e+06
9.127079e+01	1.228598e+06
9.127082e+01	1.230506e+06
9.127082e+01	1.230506e+06
9.127917e+01	2.210310e+06
9.127917e+01	2.210310e+06
9.127918e+01	2.212599e+06
9.127918e+01	2.212599e+06
1.161420e+02	2.738913e+06
1.161420e+02	2.738913e+06
1.161669e+02	2.168996e+06
1.161669e+02	2.168996e+06
1.070789e+00	7.267592e+06
1.070789e+00	7.267589e+06
1.070791e+00	7.263123e+06
1.070791e+00	7.263119e+06
1.778119e+00	2.802640e+07
1.778119e+00	2.802640e+07
1.778133e+00	2.804766e+07
1.778133e+00	2.804766e+07
3.189954e+00	4.712609e+07
3.189954e+00	4.712609e+07
3.189957e+00	4.712540e+07
3.189957e+00	4.712540e+07
4.046594e+00	4.210652e+07
4.046594e+00	4.210652e+07
4.046809e+00	4.211312e+07
4.046809e+00	4.211312e+07
6.090440e+00	2.801893e+07
6.090440e+00	2.801893e+07
6.090467e+00	2.801622e+07
6.090467e+00	2.801622e+07
6.353468e+00	2.757145e+07
6.353468e+00	2.757145e+07
6.353590e+00	2.756608e+07
6.353590e+00	2.756608e+07
7.854961e+00	3.124389e+07
7.854961e+00	3.124389e+07
7.855022e+00	3.124788e+07
7.855022e+00	3.124788e+07
8.136393e+00	3.103552e+07
8.136393e+00	3.103552e+07
8.136466e+00	3.104197e+07
8.136466e+00	3.104197e+07
1.041510e+01	3.800238e+07
1.041510e+01	3.800238e+07
1.041515e+01	3.800700e+07
1.041515e+01	3.800700e+07
1.075857e+01	3.974794e+07
1.075857e+01	3.974794e+07
1.075863e+01	3.976022e+07
1.075863e+01	3.976022e+07
1.186962e+01	4.848568e+07
1.186962e+01	4.848568e+07
1.186971e+01	4.846523e+07
1.186971e+01	4.846523e+07
1.223585e+01	6.767431e+07
1.223585e+01	6.767431e+07
1.223587e+01	6.765832e+07
1.223587e+01	6.765832e+07
1.236706e+01	5.477060e+07
1.236706e+01	5.477060e+07
1.236708e+01	5.477059e+07
1.236708e+01	5.477059e+07
1.347130e+01	4.835775e+07
1.347130e+01	4.835775e+07
1.347150e+01	4.828861e+07
1.347150e+01	4.828861e+07
1.441048e+01	6.746801e+07
1.441048e+01	6.746801e+07
1.441075e+01	6.742524e+07
1.441075e+01	6.742524e+07
1.634427e+01	4.435628e+07
1.634427e+01	4.435628e+07
1.634456e+01	4.426826e+07
1.634456e+01	4.426826e+07
1.675813e+01	4.983838e+07
1.675813e+01	4.983838e+07
1.675839e+01	4.985545e+07
1.675839e+01	4.985545e+07
1.730840e+01	5.738423e+07
1.730840e+01	5.738423e+07
1.730877e+01	5.732373e+07
1.730877e+01	5.732373e+07
1.851302e+01	6.237892e+07
1.851302e+01	6.237892e+07
1.851320e+01	6.211872e+07
1.851320e+01	6.211872e+07
1.947938e+01	8.176852e+07
1.947938e+01	8.176852e+07
1.947970e+01	8.170328e+07
1.947970e+01	8.170328e+07
2.034304e+01	4.901995e+07
2.034304e+01	4.901995e+07
2.034357e+01	4.901328e+07
2.034357e+01	4.901328e+07
2.090630e+01	6.516294e+07
2.090630e+01	6.516294e+07
2.090780e+01	6.505189e+07
2.090780e+01	6.505189e+07
2.198162e+01	4.754948e+07
2.198162e+01	4.754948e+07
2.198279e+01	4.761828e+07
2.198279e+01	4.761828e+07
2.218252e+01	4.932454e+07
2.218252e+01	4.932454e+07
2.218328e+01	4.942977e+07
2.218328e+01	4.942977e+07
2.315317e+01	8.180605e+07
2.315317e+01	8.180605e+07
2.315341e+01	8.173681e+07
2.315341e+01	8.173681e+07
2.472476e+01	5.374277e+07
2.472476e+01	5.374277e+07
2.472478e+01	5.374301e+07
2.472478e+01	5.374301e+07
2.579099e+01	6.514614e+07
2.579099e+01	6.514614e+07
2.579111e+01	6.512299e+07
2.579111e+01	6.512299e+07
2.595399e+01	9.792270e+07
2.595399e+01	9.792270e+07
2.595399e+01	9.792221e+07
2.595399e+01	9.792221e+07
2.682794e+01	1.213564e+08
2.682794e+01	1.213564e+08
2.682801e+01	1.214015e+08
2.682801e+01	1.214015e+08
2.719965e+01	4.687385e+07
2.719965e+01	4.687385e+07
2.719965e+01	4.687424e+07
2.719965e+01	4.687424e+07
2.763244e+01	6.558165e+07
2.763244e+01	6.558165e+07
2.763254e+01	6.545446e+07
2.763254e+01	6.545446e+07
2.846023e+01	5.545444e+07
2.846023e+01	5.545444e+07
2.846026e+01	5.545330e+07
2.846026e+01	5.545330e+07
3.081954e+01	4.757773e+07
3.081954e+01	4.757773e+07
3.081954e+01	4.757756e+07
3.081954e+01	4.757756e+07
3.157948e+01	5.224924e+07
3.157948e+01	5.224924e+07
3.157948e+01	5.224972e+07
3.157948e+01	5.224972e+07
3.222453e+01	4.734557e+07
3.222453e+01	4.734557e+07
3.222453e+01	4.734570e+07
3.222453e+01	4.734570e+07
3.262580e+01	4.024974e+07
3.262580e+01	4.024974e+07
3.262580e+01	4.024974e+07
3.262580e+01	4.024974e+07
3.508950e+01	3.033387e+07
3.508950e+01	3.033387e+07
3.508950e+01	3.033389e+07
3.508950e+01	3.033389e+07
3.578455e+01	3.559347e+07
3.578455e+01	3.559347e+07
3.578455e+01	3.559607e+07
3.578455e+01	3.559607e+07
3.930900e+01	2.570100e+07
3.930900e+01	2.570100e+07
3.930900e+01	2.570135e+07
3.930900e+01	2.570135e+07
4.210420e+01	2.845241e+07
4.210420e+01	2.845241e+07
4.210420e+01	2.845342e+07
4.210420e+01	2.845342e+07
4.443680e+01	2.683018e+07
4.443680e+01	2.683018e+07
4.443680e+01	2.683019e+07
4.443680e+01	2.683019e+07
4.464308e+01	1.916160e+07
4.464308e+01	1.916160e+07
4.464308e+01	1.916160e+07
4.464308e+01	1.916160e+07
4.897226e+01	2.356571e+07
4.897226e+01	2.356571e+07
4.897226e+01	2.356571e+07
4.897226e+01	2.356571e+07
4.929759e+01	3.324415e+07
4.929759e+01	3.324415e+07
4.929759e+01	3.324297e+07
4.929759e+01	3.324297e+07
5.399622e+01	2.449836e+07
5.399622e+01	2.449836e+07
5.399622e+01	2.449935e+07
5.399622e+01	2.449935e+07
5.434156e+01	2.779909e+07
5.434156e+01	2.779909e+07
5.434156e+01	2.779872e+07
5.434156e+01	2.779872e+07
5.570782e+01	5.667912e+07
5.570782e+01	5.667912e+07
5.570782e+01	5.667906e+07
5.570782e+01	5.667906e+07
5.663589e+01	7.382000e+07
5.663589e+01	7.382000e+07
5.663589e+01	7.381999e+07
5.663589e+01	7.381999e+07
5.828010e+01	2.291098e+07
5.828010e+01	2.291098e+07
5.828010e+01	2.291096e+07
5.828010e+01	2.291096e+07
6.117469e+01	1.389155e+07
6.117469e+01	1.389155e+07
6.117469e+01	1.389152e+07
6.117469e+01	1.389152e+07
6.117538e+01	1.384330e+07
6.117538e+01	1.384330e+07
6.117538e+01	1.384329e+07
6.117538e+01	1.384329e+07
6.156082e+01	1.876985e+07
6.156082e+01	1.876985e+07
6.156082e+01	1.876971e+07
6.156082e+01	1.876971e+07
9.096378e+01	9.431994e+05
9.096378e+01	9.431994e+05
9.096378e+01	9.431994e+05
9.096378e+01	9.431994e+05
9.107407e+01	3.867877e+06
9.107407e+01	3.867877e+06
9.107407e+01	3.867877e+06
9.107407e+01	3.867877e+06
9.119288e+01	8.632188e+04
9.119288e+01	8.632188e+04
9.119288e+01	8.632188e+04
9.119288e+01	8.632188e+04
9.132082e+01	3.670755e+06
9.132082e+01	3.670755e+06
9.132082e+01	3.670755e+06
9.132082e+01	3.670755e+06
1.161545e+02	5.701863e+05
1.161545e+02	5.701863e+05
1.161545e+02	5.701863e+05
1.161545e+02	5.701863e+05
9.190286e-01	1.451750e+07
9.190314e-01	1.451736e+07
9.408212e-01	1.459664e+07
9.408234e-01	1.459629e+07
1.445480e+00	3.159624e+07
1.445497e+00	3.159612e+07
2.173564e+00	6.184283e+07
2.173572e+00	6.184701e+07
2.607769e+00	4.698391e+07
2.607939e+00	4.702132e+07
3.027596e+00	4.466584e+07
3.027615e+00	4.466813e+07
3.647333e+00	6.068939e+07
3.647366e+00	6.068740e+07
4.254852e+00	6.112081e+07
4.254933e+00	6.105202e+07
4.493112e+00	6.702563e+07
4.493166e+00	6.707098e+07
5.865690e+00	6.445619e+07
5.865764e+00	6.445977e+07
6.660012e+00	7.226873e+07
6.660043e+00	7.224498e+07
6.790643e+00	6.498400e+07
6.791109e+00	6.506122e+07
7.645093e+00	7.643803e+07
7.645304e+00	7.637195e+07
7.885006e+00	7.198030e+07
7.885466e+00	7.223770e+07
8.234471e+00	6.948379e+07
8.234532e+00	6.948270e+07
9.098644e+00	1.423188e+08
9.098876e+00	1.424474e+08
1.026672e+01	7.596641e+07
1.026675e+01	7.596265e+07
1.028831e+01	7.757732e+07
1.028832e+01	7.757322e+07
1.059529e+01	1.061595e+08
1.059533e+01	1.060725e+08
1.069624e+01	7.827540e+07
1.069625e+01	7.827901e+07
1.149025e+01	1.410068e+08
1.149027e+01	1.410011e+08
1.159423e+01	1.173863e+08
1.159441e+01	1.295341e+08
1.215612e+01	9.758649e+07
1.215619e+01	9.759401e+07
1.229579e+01	9.882033e+07
1.229580e+01	9.881881e+07
1.230364e+01	9.717449e+07
1.230366e+01	9.718919e+07
1.335864e+01	1.954012e+08
1.335867e+01	1.954143e+08
1.351484e+01	1.060102e+08
1.351496e+01	1.061638e+08
1.352003e+01	1.019861e+08
1.352037e+01	1.017518e+08
1.451752e+01	1.082458e+08
1.451772e+01	1.081806e+08
1.499557e+01	1.021279e+08
1.499560e+01	1.021322e+08
1.623627e+01	1.007214e+08
1.623695e+01	1.004485e+08
1.660104e+01	1.223746e+08
1.660112e+01	1.232670e+08
1.664448e+01	1.068713e+08
1.664487e+01	1.070712e+08
1.693871e+01	1.727189e+08
1.693928e+01	1.151625e+08
1.704054e+01	1.135981e+08
1.704078e+01	1.140085e+08
1.791257e+01	1.120990e+08
1.791258e+01	1.121018e+08
1.850520e+01	1.486691e+08
1.850532e+01	1.486073e+08
1.852490e+01	1.647760e+08
1.852497e+01	1.647243e+08
1.932056e+01	1.865197e+08
1.932136e+01	1.874875e+08
1.978971e+01	1.182834e+08
1.979012e+01	1.175787e+08
1.988183e+01	1.253469e+08
1.988216e+01	1.251084e+08
2.034240e+01	1.243399e+08
2.034297e+01	1.244689e+08
2.049914e+01	1.223856e+08
2.049994e+01	1.176232e+08
2.055315e+01	1.252460e+08
2.055333e+01	1.253690e+08
2.148998e+01	1.452234e+08
2.149006e+01	1.452070e+08
2.193781e+01	1.051028e+08
2.193830e+01	1.047240e+08
2.217308e+01	9.743094e+07
2.217322e+01	9.746479e+07
2.220853e+01	1.104378e+08
2.220873e+01	1.106429e+08
2.321489e+01	1.176893e+08
2.321537e+01	1.175517e+08
2.327874e+01	1.220558e+08
2.327881e+01	1.221784e+08
2.350806e+01	1.471936e+08
2.350809e+01	1.471800e+08
2.508472e+01	1.403409e+08
2.508485e+01	1.401488e+08
2.582325e+01	1.298222e+08
2.582342e+01	1.297814e+08
2.592623e+01	1.493073e+08
2.592623e+01	1.493061e+08
2.593188e+01	1.446796e+08
2.593190e+01	1.446750e+08
2.665431e+01	1.386042e+08
2.665477e+01	1.399949e+08
2.684414e+01	1.741038e+08
2.684425e+01	1.742235e+08
2.685983e+01	1.834742e+08
2.686025e+01	1.837032e+08
2.710937e+01	9.984657e+07
2.710941e+01	9.946426e+07
2.731691e+01	1.369380e+08
2.731692e+01	1.369425e+08
2.748070e+01	1.177450e+08
2.748073e+01	1.177779e+08
2.777741e+01	1.479563e+08
2.777767e+01	1.553897e+08
2.839139e+01	1.203336e+08
2.839142e+01	1.202991e+08
2.866327e+01	1.223722e+08
2.866334e+01	1.223651e+08
3.050124e+01	1.048683e+08
3.050124e+01	1.048684e+08
3.084019e+01	1.020491e+08
3.084019e+01	1.020472e+08
3.121251e+01	1.373043e+08
3.121251e+01	1.373018e+08
3.219778e+01	1.000270e+08
3.219780e+01	1.000545e+08
3.224284e+01	1.063307e+08
3.224284e+01	1.063326e+08
3.224595e+01	1.079782e+08
3.224597e+01	1.079718e+08
3.260612e+01	9.211384e+07
3.260612e+01	9.211388e+07
3.260618e+01	9.215098e+07
3.260618e+01	9.215099e+07
3.518448e+01	7.068483e+07
3.518448e+01	7.068487e+07
3.518993e+01	7.113949e+07
3.518993e+01	7.113949e+07
3.577969e+01	6.940225e+07
3.577969e+01	6.940393e+07
3.580201e+01	7.029366e+07
3.580201e+01	7.029122e+07
3.929634e+01	5.026691e+07
3.929634e+01	5.026698e+07
3.929959e+01	5.080931e+07
3.929959e+01	5.080982e+07
4.210554e+01	6.126083e+07
4.210554e+01	6.126060e+07
4.210890e+01	6.061452e+07
4.210890e+01	6.061402e+07
4.447463e+01	5.914940e+07
4.447463e+01	5.914940e+07
4.448222e+01	5.791492e+07
4.448222e+01	5.791502e+07
4.453162e+01	1.138376e+08
4.453162e+01	1.138403e+08
4.475190e+01	4.897713e+07
4.475190e+01	4.897710e+07
4.894011e+01	5.805114e+07
4.894011e+01	5.805096e+07
4.894402e+01	5.935618e+07
4.894402e+01	5.935625e+07
4.923138e+01	5.062744e+07
4.923138e+01	5.062765e+07
4.923557e+01	5.784610e+07
4.923557e+01	5.784636e+07
5.401420e+01	3.860048e+07
5.401420e+01	3.860257e+07
5.401708e+01	4.810720e+07
5.401709e+01	4.810728e+07
5.435669e+01	7.658669e+07
5.435669e+01	7.658572e+07
5.436198e+01	7.700490e+07
5.436198e+01	7.700885e+07
5.568783e+01	8.588399e+07
5.568783e+01	8.588428e+07
5.569010e+01	9.119320e+07
5.569010e+01	9.119384e+07
5.658319e+01	7.201940e+07
5.658319e+01	7.201941e+07
5.658341e+01	7.205048e+07
5.658341e+01	7.205049e+07
5.829897e+01	6.035691e+07
5.829897e+01	6.035596e+07
5.830006e+01	5.183752e+07
5.830006e+01	5.183655e+07
6.116859e+01	3.606355e+07
6.116859e+01	3.606362e+07
6.117293e+01	4.884324e+07
6.117293e+01	4.884919e+07
6.120503e+01	4.615422e+07
6.120503e+01	4.615368e+07
6.120536e+01	4.442416e+07
6.120536e+01	4.442355e+07
6.155741e+01	6.324571e+07
6.155741e+01	6.325161e+07
6.156823e+01	3.624939e+07
6.156823e+01	3.624941e+07
9.099504e+01	6.735917e+06
9.099504e+01	6.735917e+06
9.099505e+01	6.740159e+06
9.099505e+01	6.740159e+06
9.100652e+01	3.972881e+06
9.100652e+01	3.972881e+06
9.100653e+01	3.960954e+06
9.100653e+01	3.960954e+06
9.127079e+01	1.228598e+06
9.127079e+01	1.228598e+06
9.127082e+01	1.230506e+06
9.127082e+01	1.230506e+06
9.127917e+01	2.210310e+06
9.127917e+01	2.210310e+06
9.127918e+01	2.212599e+06
9.127918e+01	2.212599e+06
1.161420e+02	2.738913e+06
1.161420e+02	2.738913e+06
1.161669e+02	2.168996e+06
1.161669e+02	2.168996e+06
4.646425e-01	3.340318e+06
4.646425e-01	3.340319e+06
7.475238e-01	4.633791e+06
7.475238e-01	4.633791e+06
7.582719e-01	4.666455e+06
7.582719e-01	4.666455e+06
1.154638e+00	1.945893e+07
1.154638e+00	1.945893e+07
1.369776e+00	1.095573e+07
1.369776e+00	1.095573e+07
2.506357e+00	2.366067e+07
2.506357e+00	2.366067e+07
2.968973e+00	2.015434e+07
2.968973e+00	2.015434e+07
4.481816e+00	3.017717e+07
4.481816e+00	3.017717e+07
5.154133e+00	2.735729e+07
5.154133e+00	2.735729e+07
5.574244e+00	3.105781e+07
5.574244e+00	3.105781e+07
6.238346e+00	2.369865e+07
6.238346e+00	2.369865e+07
7.209363e+00	4.372437e+07
7.209363e+00	4.372437e+07
8.244124e+00	3.578302e+07
8.244124e+00	3.578302e+07
8.251520e+00	3.342522e+07
8.251520e+00	3.342522e+07
8.484979e+00	3.896103e+07
8.484979e+00	3.896103e+07
8.607226e+00	3.581467e+07
8.607226e+00	3.581467e+07
9.834803e+00	4.049887e+07
9.834803e+00	4.049887e+07
9.936690e+00	5.361799e+07
9.936690e+00	5.361799e+07
1.043722e+01	3.316113e+07
1.043722e+01	3.316113e+07
1.128936e+01	8.263648e+07
1.128936e+01	8.263648e+07
1.192442e+01	4.620590e+07
1.192442e+01	4.620590e+07
1.200235e+01	3.449546e+07
1.200235e+01	3.449546e+07
1.208821e+01	4.190828e+07
1.208821e+01	4.190828e+07
1.218276e+01	4.235647e+07
1.218276e+01	4.235647e+07
1.229549e+01	4.855823e+07
1.229549e+01	4.855823e+07
1.231161e+01	4.388784e+07
1.231161e+01	4.388784e+07
1.319186e+01	8.046530e+07
1.319186e+01	8.046530e+07
1.384085e+01	4.927427e+07
1.384085e+01	4.927427e+07
1.467994e+01	5.197767e+07
1.467994e+01	5.197767e+07
1.576533e+01	4.704345e+07
1.576533e+01	4.704345e+07
1.621409e+01	5.183116e+07
1.621409e+01	5.183116e+07
1.698247e+01	4.696256e+07
1.698247e+01	4.696256e+07
1.732461e+01	5.580345e+07
1.732461e+01	5.580345e+07
1.743883e+01	4.793998e+07
1.743883e+01	4.793998e+07
1.760804e+01	6.492688e+07
1.760804e+01	6.492688e+07
1.763797e+01	6.427207e+07
1.763797e+01	6.427207e+07
1.817846e+01	5.117345e+07
1.817846e+01	5.117345e+07
1.841760e+01	7.321512e+07
1.841760e+01	7.321512e+07
1.900111e+01	5.682861e+07
1.900111e+01	5.682861e+07
1.926892e+01	5.007484e+07
1.926892e+01	5.007484e+07
1.963136e+01	7.416546e+07
1.963136e+01	7.416546e+07
2.015859e+01	6.980906e+07
2.015859e+01	6.980906e+07
2.039541e+01	4.983702e+07
2.039541e+01	4.983702e+07
2.042204e+01	5.709218e+07
2.042204e+01	5.709218e+07
2.151771e+01	6.134371e+07
2.151771e+01	6.134371e+07
2.203735e+01	4.258923e+07
2.203735e+01	4.258923e+07
2.204244e+01	4.225920e+07
2.204244e+01	4.225920e+07
2.217511e+01	4.721774e+07
2.217511e+01	4.721774e+07
2.222521e+01	5.594310e+07
2.222521e+01	5.594310e+07
2.279513e+01	6.289475e+07
2.279513e+01	6.289475e+07
2.435889e+01	5.690180e+07
2.435889e+01	5.690180e+07
2.485631e+01	5.129213e+07
2.485631e+01	5.129213e+07
2.583521e+01	7.406481e+07
2.583521e+01	7.406481e+07
2.590054e+01	8.862410e+07
2.590054e+01	8.862410e+07
2.590121e+01	8.861568e+07
2.590121e+01	8.861568e+07
2.686019e+01	9.494544e+07
2.686019e+01	9.494544e+07
2.687481e+01	9.559003e+07
2.687481e+01	9.559003e+07
2.722555e+01	5.250899e+07
2.722555e+01	5.250899e+07
2.729861e+01	4.312363e+07
2.729861e+01	4.312363e+07
2.734347e+01	4.333798e+07
2.734347e+01	4.333798e+07
2.741865e+01	5.512847e+07
2.741865e+01	5.512847e+07
2.785502e+01	9.113939e+07
2.785502e+01	9.113939e+07
2.811776e+01	6.747800e+07
2.811776e+01	6.747800e+07
2.892090e+01	6.256589e+07
2.892090e+01	6.256589e+07
3.033551e+01	5.342064e+07
3.033551e+01	5.342064e+07
3.055078e+01	4.532327e+07
3.055078e+01	4.532327e+07
3.134559e+01	9.162069e+07
3.134559e+01	9.162069e+07
3.226282e+01	3.687139e+07
3.226282e+01	3.687139e+07
3.226312e+01	3.687238e+07
3.226312e+01	3.687238e+07
3.246117e+01	3.323494e+07
3.246117e+01	3.323494e+07
3.258423e+01	4.458607e+07
3.258423e+01	4.458607e+07
3.258429e+01	4.459530e+07
3.258429e+01	4.459530e+07
3.527192e+01	3.552727e+07
3.527192e+01	3.552727e+07
3.530282e+01	3.401029e+07
3.530282e+01	3.401029e+07
3.567643e+01	3.269139e+07
3.567643e+01	3.269139e+07
3.590848e+01	2.896537e+07
3.590848e+01	2.896537e+07
3.927313e+01	3.824579e+07
3.927313e+01	3.824579e+07
3.930085e+01	2.737954e+07
3.930085e+01	2.737954e+07
4.207297e+01	3.229935e+07
4.207297e+01	3.229935e+07
4.214727e+01	2.840318e+07
4.214727e+01	2.840318e+07
4.447427e+01	2.518672e+07
4.447427e+01	2.518672e+07
4.451611e+01	3.046194e+07
4.451611e+01	3.046194e+07
4.453580e+01	3.889467e+07
4.453580e+01	3.889467e+07
4.479560e+01	1.862920e+07
4.479560e+01	1.862920e+07
4.889382e+01	3.813599e+07
4.889382e+01	3.813599e+07
4.893062e+01	2.837412e+07
4.893062e+01	2.837412e+07
4.915326e+01	2.810878e+07
4.915326e+01	2.810878e+07
4.918325e+01	2.596105e+07
4.918325e+01	2.596105e+07
5.401996e+01	2.067448e+07
5.401996e+01	2.067448e+07
5.405184e+01	1.568025e+07
5.405184e+01	1.568025e+07
5.435585e+01	2.731023e+07
5.435585e+01	2.731023e+07
5.439776e+01	5.096988e+07
5.439776e+01	5.096988e+07
5.565712e+01	1.013469e+08
5.565712e+01	1.013469e+08
5.568326e+01	8.349328e+07
5.568326e+01	8.349328e+07
5.652926e+01	4.338660e+07
5.652926e+01	4.338660e+07
5.653189e+01	4.407720e+07
5.653189e+01	4.407720e+07
5.831369e+01	1.896411e+07
5.831369e+01	1.896411e+07
5.832364e+01	1.856568e+07
5.832364e+01	1.856568e+07
6.112090e+01	1.829537e+07
6.112090e+01	1.829537e+07
6.122552e+01	2.000591e+07
6.122552e+01	2.000591e+07
6.123269e+01	2.199533e+07
6.123269e+01	2.199533e+07
6.123549e+01	2.305167e+07
6.123549e+01	2.305167e+07
6.151295e+01	2.791440e+07
6.151295e+01	2.791440e+07
6.160468e+01	1.440831e+07
6.160468e+01	1.440831e+07
9.094664e+01	9.086232e+05
9.094664e+01	9.086232e+05
9.094664e+01	9.084483e+05
9.094664e+01	9.084483e+05
9.107058e+01	2.938131e+06
9.107058e+01	2.938131e+06
9.107059e+01	2.936204e+06
9.107059e+01	2.936204e+06
9.121622e+01	1.087979e+05
9.121622e+01	1.087979e+05
9.121622e+01	1.088021e+05
9.121622e+01	1.088021e+05
9.131810e+01	3.208611e+06
9.131810e+01	3.208611e+06
9.131810e+01	3.208714e+06
9.131810e+01	3.208714e+06
1.161369e+02	5.697499e+05
1.161369e+02	5.697499e+05
1.161721e+02	5.786680e+05
1.161721e+02	5.786680e+05
9.062966e-01	1.539011e+07
9.062966e-01	1.539011e+07
9.427086e-01	1.485242e+07
9.427086e-01	1.485242e+07
1.483724e+00	3.225802e+07
1.483724e+00	3.225802e+07
1.811429e+00	4.450264e+07
1.811429e+00	4.450264e+07
2.267565e+00	7.793979e+07
2.267565e+00	7.793978e+07
3.505939e+00	4.906234e+07
3.505939e+00	4.906234e+07
3.575534e+00	4.628629e+07
3.575534e+00	4.628629e+07
4.385551e+00	6.433568e+07
4.385551e+00	6.433568e+07
4.462149e+00	7.506802e+07
4.462149e+00	7.506802e+07
6.207711e+00	6.449581e+07
6.207711e+00	6.449581e+07
6.531873e+00	6.227173e+07
6.531873e+00	6.227173e+07
6.587008e+00	6.051595e+07
6.587008e+00	6.051595e+07
7.356791e+00	8.702639e+07
7.356791e+00	8.702639e+07
8.233407e+00	6.821950e+07
8.233407e+00	6.821950e+07
8.338116e+00	8.062877e+07
8.338116e+00	8.062877e+07
8.914512e+00	9.254864e+07
8.914512e+00	9.254864e+07
9.899639e+00	1.090298e+08
9.899639e+00	1.090298e+08
1.030633e+01	8.095789e+07
1.030633e+01	8.095789e+07
1.040719e+01	7.919196e+07
1.040719e+01	7.919196e+07
1.119886e+01	1.530382e+08
1.119886e+01	1.530383e+08
1.190626e+01	1.264950e+08
1.190626e+01	1.264950e+08
1.192328e+01	9.767810e+07
1.192328e+01	9.767810e+07
1.212252e+01	8.423036e+07
1.212252e+01	8.423036e+07
1.223995e+01	1.011386e+08
1.223995e+01	1.011386e+08
1.231563e+01	1.112731e+08
1.231563e+01	1.112731e+08
1.239015e+01	9.637039e+07
1.239015e+01	9.637039e+07
1.314934e+01	1.380562e+08
1.314934e+01	1.380562e+08
1.411806e+01	9.476858e+07
1.411806e+01	9.476858e+07
1.462250e+01	9.221634e+07
1.462250e+01	9.221634e+07
1.525500e+01	1.335078e+08
1.525500e+01	1.335078e+08
1.561866e+01	1.139178e+08
1.561866e+01	1.139178e+08
1.661405e+01	2.321106e+08
1.661405e+01	2.321109e+08
1.693485e+01	1.035963e+08
1.693485e+01	1.035963e+08
1.694503e+01	1.027367e+08
1.694503e+01	1.027367e+08
1.750150e+01	1.178736e+08
1.750150e+01	1.178736e+08
1.768628e+01	1.398216e+08
1.768628e+01	1.398216e+08
1.817890e+01	1.280350e+08
1.817890e+01	1.280350e+08
1.867337e+01	1.139801e+08
1.867337e+01	1.139801e+08
1.917793e+01	1.323818e+08
1.917793e+01	1.323818e+08
1.985038e+01	1.200707e+08
1.985038e+01	1.200707e+08
1.994117e+01	1.381803e+08
1.994117e+01	1.381803e+08
2.038861e+01	1.417859e+08
2.038861e+01	1.417859e+08
2.039292e+01	1.253065e+08
2.039292e+01	1.253065e+08
2.066567e+01	1.262970e+08
2.066567e+01	1.262970e+08
2.136015e+01	1.520074e+08
2.136015e+01	1.520074e+08
2.213995e+01	1.024838e+08
2.213995e+01	1.024838e+08
2.217627e+01	1.100117e+08
2.217627e+01	1.100117e+08
2.220770e+01	1.127345e+08
2.220770e+01	1.127345e+08
2.272009e+01	1.022919e+08
2.272009e+01	1.022919e+08
2.344733e+01	1.292328e+08
2.344733e+01	1.292328e+08
2.405107e+01	1.210407e+08
2.405107e+01	1.210407e+08
2.452470e+01	1.260782e+08
2.452470e+01	1.260782e+08
2.592467e+01	1.533029e+08
2.592467e+01	1.533029e+08
2.592642e+01	1.500454e+08
2.592642e+01	1.500454e+08
2.611772e+01	1.675267e+08
2.611772e+01	1.675267e+08
2.675187e+01	1.516023e+08
2.675187e+01	1.516023e+08
2.684207e+01	1.780920e+08
2.684207e+01	1.780920e+08
2.686355e+01	1.760690e+08
2.686355e+01	1.760690e+08
2.701940e+01	1.460552e+08
2.701940e+01	1.460552e+08
2.715300e+01	1.129150e+08
2.715300e+01	1.129150e+08
2.763257e+01	1.796154e+08
2.763257e+01	1.796154e+08
2.791300e+01	2.091645e+08
2.791300e+01	2.091645e+08
2.805638e+01	1.087276e+08
2.805638e+01	1.087276e+08
2.880787e+01	1.052963e+08
2.880787e+01	1.052963e+08
3.048224e+01	1.166274e+08
3.048224e+01	1.166274e+08
3.088210e+01	1.206351e+08
3.088210e+01	1.206351e+08
3.118356e+01	1.524311e+08
3.118356e+01	1.524311e+08
3.220603e+01	1.034939e+08
3.220603e+01	1.034939e+08
3.224261e+01	1.248012e+08
3.224261e+01	1.248012e+08
3.224664e+01	9.760981e+07
3.224664e+01	9.760981e+07
3.260613e+01	9.474787e+07
3.260613e+01	9.474787e+07
3.260617e+01	9.478177e+07
3.260617e+01	9.478177e+07
3.517706e+01	6.361574e+07
3.517706e+01	6.361574e+07
3.520050e+01	7.799145e+07
3.520050e+01	7.799145e+07
3.570613e+01	5.429634e+07
3.570613e+01	5.429634e+07
3.586987e+01	8.041670e+07
3.586987e+01	8.041670e+07
3.928822e+01	4.974975e+07
3.928822e+01	4.974975e+07
3.930791e+01	5.233409e+07
3.930791e+01	5.233409e+07
4.208094e+01	7.083451e+07
4.208094e+01	7.083451e+07
4.213333e+01	7.202446e+07
4.213333e+01	7.202446e+07
4.447463e+01	5.848182e+07
4.447463e+01	5.848182e+07
4.448109e+01	5.775625e+07
4.448109e+01	5.775625e+07
4.453267e+01	6.491196e+07
4.453267e+01	6.491196e+07
4.475188e+01	5.122469e+07
4.475188e+01	5.122469e+07
4.892938e+01	5.581358e+07
4.892938e+01	5.581358e+07
4.895571e+01	6.007350e+07
4.895571e+01	6.007350e+07
4.922227e+01	5.506563e+07
4.922227e+01	5.506563e+07
4.924372e+01	4.488369e+07
4.924372e+01	4.488369e+07
5.400475e+01	4.416718e+07
5.400475e+01	4.416718e+07
5.402748e+01	3.569522e+07
5.402748e+01	3.569522e+07
5.434396e+01	7.061849e+07
5.434396e+01	7.061849e+07
5.437378e+01	9.101739e+07
5.437378e+01	9.101739e+07
5.567974e+01	9.599573e+07
5.567974e+01	9.599573e+07
5.569822e+01	7.652235e+07
5.569822e+01	7.652235e+07
5.658237e+01	7.388341e+07
5.658237e+01	7.388341e+07
5.658421e+01	7.630350e+07
5.658421e+01	7.630350e+07
5.829594e+01	4.015399e+07
5.829594e+01	4.015399e+07
5.830309e+01	3.898427e+07
5.830309e+01	3.898427e+07
6.113673e+01	5.864174e+07
6.113673e+01	5.864174e+07
6.120384e+01	6.011973e+07
6.120384e+01	6.011973e+07
6.120624e+01	5.820726e+07
6.120624e+01	5.820726e+07
6.121108e+01	5.368561e+07
6.121108e+01	5.368561e+07
6.152740e+01	6.260113e+07
6.152740e+01	6.260113e+07
6.159223e+01	8.071555e+07
6.159223e+01	8.071555e+07
9.099504e+01	2.378469e+06
9.099504e+01	2.378469e+06
9.099504e+01	2.378369e+06
9.099504e+01	2.378369e+06
9.100653e+01	3.180253e+06
9.100653e+01	3.180253e+06
9.100653e+01	3.180486e+06
9.100653e+01	3.180486e+06
9.127080e+01	8.154143e+06
9.127080e+01	8.154143e+06
9.127080e+01	8.154431e+06
9.127080e+01	8.154431e+06
9.127918e+01	7.987975e+06
9.127918e+01	7.987974e+06
9.127918e+01	7.985711e+06
9.127918e+01	7.985710e+06
1.161420e+02	2.738889e+06
1.161420e+02	2.738889e+06
1.161669e+02	2.169052e+06
1.161669e+02	2.169052e+06
1.070589e+00	7.017599e+06
1.070589e+00	7.017599e+06
1.070589e+00	7.017599e+06
1.070589e+00	7.017599e+06
1.805048e+00	2.674835e+07
1.805048e+00	2.674835e+07
1.805048e+00	2.674835e+07
1.805048e+00	2.674835e+07
3.692359e+00	2.103765e+07
3.692359e+00	2.103765e+07
3.692359e+00	2.103765e+07
3.692359e+00	2.103765e+07
4.228350e+00	2.849321e+07
4.228350e+00	2.849321e+07
4.228350e+00	2.849321e+07
4.228350e+00	2.849321e+07
4.817985e+00	2.919372e+07
4.817985e+00	2.919372e+07
4.817985e+00	2.919372e+07
4.817985e+00	2.919372e+07
6.883604e+00	3.703591e+07
6.883604e+00	3.703591e+07
6.883604e+00	3.703591e+07
6.883604e+00	3.703591e+07
7.876715e+00	3.703740e+07
7.876715e+00	3.703740e+07
7.876715e+00	3.703740e+07
7.876715e+00	3.703740e+07
8.410851e+00	3.965968e+07
8.410851e+00	3.965968e+07
8.410851e+00	3.965968e+07
8.410851e+00	3.965968e+07
1.012893e+01	4.638580e+07
1.012893e+01	4.638579e+07
1.012893e+01	4.638579e+07
1.012893e+01	4.638579e+07
1.090387e+01	3.952009e+07
1.090387e+01	3.952008e+07
1.090387e+01	3.952008e+07
1.090387e+01	3.952008e+07
1.191371e+01	4.943887e+07
1.191371e+01	4.943887e+07
1.191371e+01	4.943887e+07
1.191371e+01	4.943887e+07
1.222247e+01	5.249736e+07
1.222247e+01	5.249736e+07
1.222247e+01	5.249736e+07
1.222247e+01	5.249736e+07
1.240091e+01	5.942971e+07
1.240091e+01	5.942970e+07
1.240091e+01	5.942970e+07
1.240091e+01	5.942970e+07
1.324392e+01	8.813204e+07
1.324392e+01	8.813204e+07
1.324392e+01	8.813204e+07
1.324392e+01	8.813204e+07
1.469623e+01	5.650934e+07
1.469623e+01	5.650934e+07
1.469623e+01	5.650934e+07
1.469623e+01	5.650934e+07
1.595983e+01	6.426335e+07
1.595983e+01	6.426335e+07
1.595983e+01	6.426335e+07
1.595983e+01	6.426335e+07
1.686547e+01	4.381470e+07
1.686547e+01	4.381470e+07
1.686547e+01	4.381470e+07
1.686547e+01	4.381470e+07
1.759096e+01	6.647837e+07
1.759096e+01	6.647837e+07
1.759096e+01	6.647837e+07
1.759096e+01	6.647837e+07
1.830518e+01	6.820862e+07
1.830518e+01	6.820862e+07
1.830518e+01	6.820862e+07
1.830518e+01	6.820862e+07
1.953892e+01	6.688859e+07
1.953892e+01	6.688859e+07
1.953892e+01	6.688859e+07
1.953892e+01	6.688859e+07
2.032182e+01	5.551120e+07
2.032182e+01	5.551120e+07
2.032182e+01	5.551120e+07
2.032182e+01	5.551120e+07
2.098057e+01	6.081232e+07
2.098057e+01	6.081232e+07
2.098057e+01	6.081232e+07
2.098057e+01	6.081232e+07
2.217701e+01	5.191421e+07
2.217701e+01	5.191421e+07
2.217701e+01	5.191421e+07
2.217701e+01	5.191421e+07
2.232247e+01	6.373925e+07
2.232247e+01	6.373925e+07
2.232247e+01	6.373925e+07
2.232247e+01	6.373925e+07
2.257642e+01	4.883310e+07
2.257642e+01	4.883310e+07
2.257642e+01	4.883310e+07
2.257642e+01	4.883310e+07
2.494661e+01	7.644568e+07
2.494661e+01	7.644568e+07
2.494661e+01	7.644568e+07
2.494661e+01	7.644568e+07
2.591427e+01	9.792119e+07
2.591427e+01	9.792119e+07
2.591427e+01	9.792119e+07
2.591427e+01	9.792119e+07
2.596213e+01	9.869808e+07
2.596213e+01	9.869808e+07
2.596213e+01	9.869807e+07
2.596213e+01	9.869807e+07
2.681781e+01	1.093687e+08
2.681781e+01	1.093687e+08
2.681781e+01	1.093687e+08
2.681781e+01	1.093687e+08
2.696248e+01	7.773816e+07
2.696248e+01	7.773816e+07
2.696248e+01	7.773816e+07
2.696248e+01	7.773816e+07
2.768912e+01	7.512581e+07
2.768912e+01	7.512581e+07
2.768912e+01	7.512581e+07
2.768912e+01	7.512581e+07
2.849360e+01	5.956020e+07
2.849360e+01	5.956020e+07
2.849360e+01	5.956020e+07
2.849360e+01	5.956020e+07
3.081896e+01	5.457066e+07
3.081896e+01	5.457066e+07
3.081896e+01	5.457066e+07
3.081896e+01	5.457066e+07
3.158185e+01	5.508205e+07
3.158185e+01	5.508205e+07
3.158185e+01	5.508205e+07
3.158185e+01	5.508205e+07
3.222453e+01	4.399260e+07
3.222453e+01	4.399260e+07
3.222453e+01	4.399260e+07
3.222453e+01	4.399260e+07
3.262580e+01	4.007998e+07
3.262580e+01	4.007998e+07
3.262580e+01	4.007998e+07
3.262580e+01	4.007998e+07
3.508964e+01	3.140128e+07
3.508964e+01	3.140128e+07
3.508964e+01	3.140128e+07
3.508964e+01	3.140128e+07
3.578362e+01	2.676766e+07
3.578362e+01	2.676766e+07
3.578362e+01	2.676766e+07
3.578362e+01	2.676766e+07
3.930923e+01	2.856336e+07
3.930923e+01	2.856336e+07
3.930923e+01	2.856336e+07
3.930923e+01	2.856336e+07
4.210416e+01	2.655702e+07
4.210416e+01	2.655702e+07
4.210416e+01	2.655702e+07
4.210416e+01	2.655702e+07
4.443680e+01	2.786569e+07
4.443680e+01	2.786569e+07
4.443680e+01	2.786569e+07
4.443680e+01	2.786569e+07
4.464308e+01	2.153679e+07
4.464308e+01	2.153679e+07
4.464308e+01	2.153679e+07
4.464308e+01	2.153679e+07
4.897225e+01	2.559698e+07
4.897225e+01	2.559698e+07
4.897225e+01	2.559698e+07
4.897225e+01	2.559698e+07
4.929760e+01	2.688773e+07
4.929760e+01	2.688773e+07
4.929760e+01	2.688773e+07
4.929760e+01	2.688773e+07
5.399621e+01	2.319780e+07
5.399621e+01	2.319780e+07
5.399621e+01	2.319780e+07
5.399621e+01	2.319780e+07
5.434158e+01	2.903508e+07
5.434158e+01	2.903508e+07
5.434158e+01	2.903508e+07
5.434158e+01	2.903508e+07
5.570781e+01	5.683070e+07
5.570781e+01	5.683070e+07
5.570781e+01	5.683070e+07
5.570781e+01	5.683070e+07
5.663589e+01	7.410475e+07
5.663589e+01	7.410475e+07
5.663589e+01	7.410475e+07
5.663589e+01	7.410475e+07
5.828010e+01	2.317857e+07
5.828010e+01	2.317857e+07
5.828010e+01	2.317857e+07
5.828010e+01	2.317857e+07
6.117276e+01	1.406972e+07
6.117276e+01	1.406972e+07
6.117276e+01	1.406972e+07
6.117276e+01	1.406972e+07
6.117732e+01	1.367046e+07
6.117732e+01	1.367046e+07
6.117732e+01	1.367046e+07
6.117732e+01	1.367046e+07
6.156082e+01	1.864961e+07
6.156082e+01	1.864961e+07
6.156082e+01	1.864961e+07
6.156082e+01	1.864961e+07
9.096378e+01	9.423875e+05
9.096378e+01	9.423875e+05
9.096378e+01	9.423875e+05
9.096378e+01	9.423875e+05
9.107407e+01	2.719254e+06
9.107407e+01	2.719254e+06
9.107407e+01	2.719254e+06
9.107407e+01	2.719254e+06
9.119288e+01	8.632187e+04
9.119288e+01	8.632187e+04
9.119288e+01	8.632187e+04
9.119288e+01	8.632187e+04
9.132082e+01	3.706383e+06
9.132082e+01	3.706383e+06
9.132082e+01	3.706383e+06
9.132082e+01	3.706383e+06
1.161545e+02	5.701863e+05
1.161545e+02	5.701863e+05
1.161545e+02	5.701863e+05
1.161545e+02	5.701863e+05
9.062966e-01	1.539011e+07
9.062966e-01	1.539011e+07
9.427086e-01	1.485242e+07
9.427086e-01	1.485242e+07
1.483724e+00	3.225802e+07
1.483724e+00	3.225802e+07
1.811429e+00	4.450264e+07
1.811429e+00	4.450264e+07
2.267565e+00	7.793979e+07
2.267565e+00	7.793978e+07
3.505939e+00	4.906234e+07
3.505939e+00	4.906234e+07
3.575534e+00	4.628629e+07
3.575534e+00	4.628629e+07
4.385551e+00	6.433568e+07
4.385551e+00	6.433568e+07
4.462149e+00	7.506802e+07
4.462149e+00	7.506802e+07
6.207711e+00	6.449581e+07
6.207711e+00	6.449581e+07
6.531873e+00	6.227173e+07
6.531873e+00	6.227173e+07
6.587008e+00	6.051595e+07
6.587008e+00	6.051595e+07
7.356791e+00	8.702639e+07
7.356791e+00	8.702639e+07
8.233407e+00	6.821950e+07
8.233407e+00	6.821950e+07
8.338116e+00	8.062877e+07
8.338116e+00	8.062877e+07
8.914512e+00	9.254864e+07
8.914512e+00	9.254864e+07
9.899639e+00	1.090298e+08
9.899639e+00	1.090298e+08
1.030633e+01	8.095789e+07
1.030633e+01	8.095789e+07
1.040719e+01	7.919196e+07
1.040719e+01	7.919196e+07
1.119886e+01	1.530382e+08
1.119886e+01	1.530383e+08
1.190626e+01	1.264950e+08
1.190626e+01	1.264950e+08
1.192328e+01	9.767810e+07
1.192328e+01	9.767810e+07
1.212252e+01	8.423036e+07
1.212252e+01	8.423036e+07
1.223995e+01	1.011386e+08
1.223995e+01	1.011386e+08
1.231563e+01	1.112731e+08
1.231563e+01	1.112731e+08
1.239015e+01	9.637039e+07
1.239015e+01	9.637039e+07
1.314934e+01	1.380562e+08
1.314934e+01	1.380562e+08
1.411806e+01	9.476858e+07
1.411806e+01	9.476858e+07
1.462250e+01	9.221634e+07
1.462250e+01	9.221634e+07
1.525500e+01	1.335078e+08
1.525500e+01	1.335078e+08
1.561866e+01	1.139178e+08
1.561866e+01	1.139178e+08
1.661405e+01	2.321106e+08
1.661405e+01	2.321109e+08
1.693485e+01	1.035963e+08
1.693485e+01	1.035963e+08
1.694503e+01	1.027367e+08
1.694503e+01	1.027367e+08
1.750150e+01	1.178736e+08
1.750150e+01	1.178736e+08
1.768628e+01	1.398216e+08
1.768628e+01	1.398216e+08
1.817890e+01	1.280350e+08
1.817890e+01	1.280350e+08
1.867337e+01	1.139801e+08
1.867337e+01	1.139801e+08
1.917793e+01	1.323818e+08
1.917793e+01	1.323818e+08
1.985038e+01	1.200707e+08
1.985038e+01	1.200707e+08
1.994117e+01	1.381803e+08
1.994117e+01	1.381803e+08
2.038861e+01	1.417859e+08
2.038861e+01	1.417859e+08
2.039292e+01	1.253065e+08
2.039292e+01	1.253065e+08
2.066567e+01	1.262970e+08
2.066567e+01	1.262970e+08
2.136015e+01	1.520074e+08
2.136015e+01	1.520074e+08
2.213995e+01	1.024838e+08
2.213995e+01	1.024838e+08
2.217627e+01	1.100117e+08
2.217627e+01	1.100117e+08
2.220770e+01	1.127345e+08
2.220770e+01	1.127345e+08
2.272009e+01	1.022919e+08
2.272009e+01	1.022919e+08
2.344733e+01	1.292328e+08
2.344733e+01	1.292328e+08
2.405107e+01	1.210407e+08
2.405107e+01	1.210407e+08
2.452470e+01	1.260782e+08
2.452470e+01	1.260782e+08
2.592467e+01	1.533029e+08
2.592467e+01	1.533029e+08
2.592642e+01	1.500454e+08
2.592642e+01	1.500454e+08
2.611772e+01	1.675267e+08
2.611772e+01	1.675267e+08
2.675187e+01	1.516023e+08
2.675187e+01	1.516023e+08
2.684207e+01	1.780920e+08
2.684207e+01	1.780920e+08
2.686355e+01	1.760690e+08
2.686355e+01	1.760690e+08
2.701940e+01	1.460552e+08
2.701940e+01	1.460552e+08
2.715300e+01	1.129150e+08
2.715300e+01	1.129150e+08
2.763257e+01	1.796154e+08
2.763257e+01	1.796154e+08
2.791300e+01	2.091645e+08
2.791300e+01	2.091645e+08
2.805638e+01	1.087276e+08
2.805638e+01	1.087276e+08
2.880787e+01	1.052963e+08
2.880787e+01	1.052963e+08
3.048224e+01	1.166274e+08
3.048224e+01	1.166274e+08
3.088210e+01	1.206351e+08
3.088210e+01	1.206351e+08
3.118356e+01	1.524311e+08
3.118356e+01	1.524311e+08
3.220603e+01	1.034939e+08
3.220603e+01	1.034939e+08
3.224261e+01	1.248012e+08
3.224261e+01	1.248012e+08
3.224664e+01	9.760981e+07
3.224664e+01	9.760981e+07
3.260613e+01	9.474787e+07
3.260613e+01	9.474787e+07
3.260617e+01	9.478177e+07
3.260617e+01	9.478177e+07
3.517706e+01	6.361574e+07
3.517706e+01	6.361574e+07
3.520050e+01	7.799145e+07
3.520050e+01	7.799145e+07
3.570613e+01	5.429634e+07
3.570613e+01	5.429634e+07
3.586987e+01	8.041670e+07
3.586987e+01	8.041670e+07
3.928822e+01	4.974975e+07
3.928822e+01	4.974975e+07
3.930791e+01	5.233409e+07
3.930791e+01	5.233409e+07
4.208094e+01	7.083451e+07
4.208094e+01	7.083451e+07
4.213333e+01	7.202446e+07
4.213333e+01	7.202446e+07
4.447463e+01	5.848182e+07
4.447463e+01	5.848182e+07
4.448109e+01	5.775625e+07
4.448109e+01	5.775625e+07
4.453267e+01	6.491196e+07
4.453267e+01	6.491196e+07
4.475188e+01	5.122469e+07
4.475188e+01	5.122469e+07
4.892938e+01	5.581358e+07
4.892938e+01	5.581358e+07
4.895571e+01	6.007350e+07
4.895571e+01	6.007350e+07
4.922227e+01	5.506563e+07
4.922227e+01	5.506563e+07
4.924372e+01	4.488369e+07
4.924372e+01	4.488369e+07
5.400475e+01	4.416718e+07
5.400475e+01	4.416718e+07
5.402748e+01	3.569522e+07
5.402748e+01	3.569522e+07
5.434396e+01	7.061849e+07
5.434396e+01	7.061849e+07
5.437378e+01	9.101739e+07
5.437378e+01	9.101739e+07
5.567974e+01	9.599573e+07
5.567974e+01	9.599573e+07
5.569822e+01	7.652235e+07
5.569822e+01	7.652235e+07
5.658237e+01	7.388341e+07
5.658237e+01	7.388341e+07
5.658421e+01	7.630350e+07
5.658421e+01	7.630350e+07
5.829594e+01	4.015399e+07
5.829594e+01	4.015399e+07
5.830309e+01	3.898427e+07
5.830309e+01	3.898427e+07
6.113673e+01	5.864174e+07
6.113673e+01	5.864174e+07
6.120384e+01	6.011973e+07
6.120384e+01	6.011973e+07
6.120624e+01	5.820726e+07
6.120624e+01	5.820726e+07
6.121108e+01	5.368561e+07
6.121108e+01	5.368561e+07
6.152740e+01	6.260113e+07
6.152740e+01	6.260113e+07
6.159223e+01	8.071555e+07
6.159223e+01	8.071555e+07
9.099504e+01	2.378469e+06
9.099504e+01	2.378469e+06
9.099504e+01	2.378369e+06
9.099504e+01	2.378369e+06
9.100653e+01	3.180253e+06
9.100653e+01	3.180253e+06
9.100653e+01	3.180486e+06
9.100653e+01	3.180486e+06
9.127080e+01	8.154143e+06
9.127080e+01	8.154143e+06
9.127080e+01	8.154431e+06
9.127080e+01	8.154431e+06
9.127918e+01	7.987975e+06
9.127918e+01	7.987974e+06
9.127918e+01	7.985711e+06
9.127918e+01	7.985710e+06
1.161420e+02	2.738889e+06
1.161420e+02	2.738889e+06
1.161669e+02	2.169052e+06
1.161669e+02	2.169052e+06
