# Frequency(THz) PDOS
0.000000 0.005809
0.159155 0.006389
0.318310 0.007879
0.477465 0.009637
0.636620 0.010922
0.795775 0.011219
0.954930 0.010457
1.114085 0.009021
1.273240 0.007569
1.432394 0.006740
1.591549 0.006910
1.750704 0.008091
1.909859 0.010015
2.069014 0.012340
2.228169 0.014862
2.387324 0.017620
2.546479 0.020843
2.705634 0.024771
2.864789 0.029426
3.023944 0.034473
3.183099 0.039227
3.342254 0.042841
3.501409 0.044602
3.660564 0.044227
3.819719 0.042031
3.978874 0.038892
4.138029 0.035986
4.297183 0.034397
4.456338 0.034727
4.615493 0.036877
4.774648 0.040110
4.933803 0.043369
5.092958 0.045739
5.252113 0.046834
5.411268 0.046931
5.570423 0.046778
5.729578 0.047160
5.888733 0.048439
6.047888 0.050302
6.207043 0.051854
6.366198 0.052033
6.525353 0.050129
6.684508 0.046172
6.843663 0.040968
7.002817 0.035788
7.161972 0.031830
7.321127 0.029741
7.480282 0.029377
7.639437 0.029934
7.798592 0.030321
7.957747 0.029631
8.116902 0.027465
8.276057 0.024036
8.435212 0.020020
8.594367 0.016290
8.753522 0.013638
8.912677 0.012582
9.071832 0.013290
9.230987 0.015583
9.390142 0.018986
9.549297 0.022810
9.708452 0.026267
9.867606 0.028631
10.026761 0.029416
10.185916 0.028525
10.345071 0.026294
10.504226 0.023384
10.663381 0.020554
10.822536 0.018390
10.981691 0.017108
11.140846 0.016534
11.300001 0.016255
11.459156 0.015883
11.618311 0.015278
11.777466 0.014625
11.936621 0.014321
12.095776 0.014733
12.254931 0.015965
12.414086 0.017757
12.573241 0.019572
12.732395 0.020828
12.891550 0.021150
13.050705 0.020511
13.209860 0.019207
13.369015 0.017683
13.528170 0.016327
13.687325 0.015332
13.846480 0.014682
14.005635 0.014244
14.164790 0.013885
14.323945 0.013545
14.483100 0.013235
14.642255 0.012977
14.801410 0.012751
14.960565 0.012491
15.119720 0.012126
15.278875 0.011638
15.438029 0.011103
15.597184 0.010680
15.756339 0.010562
15.915494 0.010923
16.074649 0.011872
16.233804 0.013430
16.392959 0.015508
16.552114 0.017891
16.711269 0.020232
16.870424 0.022094
17.029579 0.023038
17.188734 0.022753
17.347889 0.021181
17.507044 0.018553
17.666199 0.015336
17.825354 0.012078
17.984509 0.009228
18.143664 0.007019
18.302818 0.005444
18.461973 0.004345
18.621128 0.003535
18.780283 0.002903
18.939438 0.002438
19.098593 0.002186
19.257748 0.002172
19.416903 0.002350
19.576058 0.002598
19.735213 0.002773
19.894368 0.002773
20.053523 0.002580
20.212678 0.002256
20.371833 0.001903
20.530988 0.001609
20.690143 0.001414
20.849298 0.001307
21.008452 0.001253
21.167607 0.001221
21.326762 0.001200
21.485917 0.001201
21.645072 0.001248
21.804227 0.001364
21.963382 0.001575
22.122537 0.001918
22.281692 0.002434
22.440847 0.003150
22.600002 0.004038
22.759157 0.004991
22.918312 0.005821
23.077467 0.006319
23.236622 0.006350
23.395777 0.005943
23.554932 0.005325
23.714087 0.004858
23.873241 0.004897
24.032396 0.005624
24.191551 0.006935
24.350706 0.008447
24.509861 0.009636
24.669016 0.010042
24.828171 0.009461
24.987326 0.008036
25.146481 0.006200
25.305636 0.004509
25.464791 0.003431
25.623946 0.003183
25.783101 0.003684
25.942256 0.004613
26.101411 0.005563
26.260566 0.006192
26.419721 0.006329
26.578875 0.005999
26.738030 0.005367
26.897185 0.004642
27.056340 0.003994
27.215495 0.003508
27.374650 0.003198
27.533805 0.003056
27.692960 0.003096
27.852115 0.003364
28.011270 0.003909
28.170425 0.004722
28.329580 0.005689
28.488735 0.006592
28.647890 0.007165
28.807045 0.007193
28.966200 0.006594
29.125355 0.005464
29.284510 0.004037
29.443664 0.002609
29.602819 0.001427
29.761974 0.000622
29.921129 0.000194
30.080284 0.000046
30.239439 0.000048
30.398594 0.000093
30.557749 0.000123
30.716904 0.000126
30.876059 0.000115
31.035214 0.000104
31.194369 0.000100
31.353524 0.000097
31.512679 0.000091
31.671834 0.000080
31.830989 0.000066
31.990144 0.000054
32.149299 0.000046
32.308453 0.000041
32.467608 0.000038
32.626763 0.000035
32.785918 0.000033
32.945073 0.000031
33.104228 0.000030
33.263383 0.000030
33.422538 0.000030
33.581693 0.000029
33.740848 0.000028
33.900003 0.000027
34.059158 0.000025
34.218313 0.000024
34.377468 0.000023
34.536623 0.000022
34.695778 0.000021
34.854933 0.000021
35.014087 0.000021
35.173242 0.000022
35.332397 0.000023
35.491552 0.000023
35.650707 0.000023
35.809862 0.000023
35.969017 0.000023
36.128172 0.000022
36.287327 0.000021
36.446482 0.000020
36.605637 0.000020
36.764792 0.000019
36.923947 0.000018
37.083102 0.000017
37.242257 0.000017
37.401412 0.000018
37.560567 0.000021
37.719722 0.000028
37.878876 0.000038
38.038031 0.000049
38.197186 0.000059
38.356341 0.000067
38.515496 0.000070
38.674651 0.000070
38.833806 0.000067
38.992961 0.000063
39.152116 0.000060
39.311271 0.000058
39.470426 0.000056
39.629581 0.000053
39.788736 0.000049
39.947891 0.000042
40.107046 0.000034
40.266201 0.000026
40.425356 0.000019
40.584510 0.000014
40.743665 0.000011
40.902820 0.000010
41.061975 0.000010
41.221130 0.000011
41.380285 0.000012
41.539440 0.000013
41.698595 0.000014
41.857750 0.000015
42.016905 0.000016
42.176060 0.000016
42.335215 0.000016
42.494370 0.000015
42.653525 0.000014
42.812680 0.000013
42.971835 0.000012
43.130990 0.000010
43.290145 0.000009
43.449299 0.000009
43.608454 0.000009
43.767609 0.000009
43.926764 0.000009
44.085919 0.000009
44.245074 0.000010
44.404229 0.000011
44.563384 0.000012
44.722539 0.000012
44.881694 0.000012
45.040849 0.000011
45.200004 0.000010
45.359159 0.000010
45.518314 0.000011
45.677469 0.000012
45.836624 0.000012
45.995779 0.000010
46.154933 0.000008
46.314088 0.000009
46.473243 0.000012
46.632398 0.000017
46.791553 0.000020
46.950708 0.000018
47.109863 0.000014
47.269018 0.000013
47.428173 0.000021
47.587328 0.000038
47.746483 0.000051
47.905638 0.000044
48.064793 0.000011
48.223948 -0.000022
48.383103 0.000005
48.542258 0.000172
48.701413 0.000545
48.860568 0.001127
49.019722 0.001841
49.178877 0.002534
49.338032 0.003029
49.497187 0.003188
49.656342 0.002966
49.815497 0.002432
49.974652 0.001734
50.133807 0.001046
50.292962 0.000504
50.452117 0.000170
50.611272 0.000027
50.770427 0.000009
50.929582 0.000040
51.088737 0.000066
51.247892 0.000066
51.407047 0.000048
51.566202 0.000029
51.725357 0.000024
51.884511 0.000033
52.043666 0.000048
52.202821 0.000058
52.361976 0.000059
52.521131 0.000054
52.680286 0.000054
52.839441 0.000064
52.998596 0.000081
53.157751 0.000093
53.316906 0.000088
53.476061 0.000070
53.635216 0.000056
53.794371 0.000069
53.953526 0.000116
54.112681 0.000170
54.271836 0.000178
54.430991 0.000105
54.590145 -0.000017
54.749300 -0.000052
54.908455 0.000214
55.067610 0.000995
55.226765 0.002385
55.385920 0.004263
55.545075 0.006275
55.704230 0.007934
55.863385 0.008786
56.022540 0.008585
56.181695 0.007395
56.340850 0.005564
56.500005 0.003586
56.659160 0.001913
56.818315 0.000806
56.977470 0.000283
57.136625 0.000176
57.295780 0.000248
57.454934 0.000313
57.614089 0.000293
57.773244 0.000208
57.932399 0.000119
58.091554 0.000067
58.250709 0.000057
58.409864 0.000064
58.569019 0.000066
58.728174 0.000064
58.887329 0.000072
59.046484 0.000098
59.205639 0.000125
59.364794 0.000128
59.523949 0.000096
59.683104 0.000053
59.842259 0.000048
60.001414 0.000107
60.160568 0.000193
60.319723 0.000207
60.478878 0.000061
60.638033 -0.000203
60.797188 -0.000327
60.956343 0.000137
61.115498 0.001662
61.274653 0.004490
61.433808 0.008410
61.592963 0.012707
61.752118 0.016340
61.911273 0.018304
62.070428 0.018023
62.229583 0.015580
62.388738 0.011683
62.547893 0.007383
62.707048 0.003672
62.866203 0.001154
63.025357 -0.000080
63.184512 -0.000352
63.343667 -0.000152
63.502822 0.000102
63.661977 0.000204
63.821132 0.000150
63.980287 0.000042
64.139442 -0.000025
64.298597 -0.000022
64.457752 0.000019
64.616907 0.000050
64.776062 0.000048
64.935217 0.000022
65.094372 -0.000002
65.253527 -0.000007
65.412682 0.000005
65.571837 0.000020
65.730991 0.000024
65.890146 0.000016
66.049301 0.000004
66.208456 -0.000001
66.367611 0.000003
66.526766 0.000011
66.685921 0.000014
66.845076 0.000011
67.004231 0.000005
67.163386 0.000001
67.322541 0.000001
67.481696 0.000005
67.640851 0.000008
67.800006 0.000008
67.959161 0.000005
68.118316 0.000002
68.277471 0.000001
68.436626 0.000003
68.595780 0.000005
68.754935 0.000005
68.914090 0.000003
69.073245 0.000001
69.232400 -0.000000
69.391555 0.000001
69.550710 0.000003
69.709865 0.000004
69.869020 0.000003
70.028175 0.000002
70.187330 0.000001
70.346485 0.000002
70.505640 0.000003
70.664795 0.000004
70.823950 0.000004
70.983105 0.000003
71.142260 0.000002
71.301415 0.000002
71.460569 0.000003
71.619724 0.000003
71.778879 0.000003
71.938034 0.000003
72.097189 0.000002
72.256344 0.000002
72.415499 0.000002
72.574654 0.000003
72.733809 0.000003
72.892964 0.000003
73.052119 0.000002
73.211274 0.000002
73.370429 0.000002
73.529584 0.000002
73.688739 0.000002
73.847894 0.000002
74.007049 0.000001
74.166203 0.000001
74.325358 0.000001
74.484513 0.000002
74.643668 0.000002
74.802823 0.000002
74.961978 0.000001
75.121133 0.000001
75.280288 0.000001
75.439443 0.000001
75.598598 0.000001
75.757753 0.000001
75.916908 0.000001
76.076063 0.000001
76.235218 0.000001
76.394373 0.000001
76.553528 0.000001
76.712683 0.000001
76.871838 0.000001
77.030992 0.000000
77.190147 0.000000
77.349302 0.000000
77.508457 0.000000
77.667612 0.000001
77.826767 0.000000
77.985922 0.000000
78.145077 0.000000
78.304232 0.000000
78.463387 0.000000
78.622542 0.000000
78.781697 0.000000
78.940852 0.000000
79.100007 0.000000
79.259162 0.000000
79.418317 0.000000
79.577472 0.000000
79.736626 0.000000
79.895781 0.000000
80.054936 0.000000
80.214091 0.000000
80.373246 0.000000
80.532401 0.000000
80.691556 0.000000
80.850711 0.000000
81.009866 0.000000
81.169021 0.000000
81.328176 0.000000
81.487331 0.000000
81.646486 0.000000
81.805641 0.000000
81.964796 0.000000
82.123951 0.000000
82.283106 0.000000
82.442261 0.000000
82.601415 0.000000
82.760570 0.000001
82.919725 0.000001
83.078880 0.000001
83.238035 0.000001
83.397190 0.000001
83.556345 0.000001
83.715500 0.000001
83.874655 0.000000
84.033810 0.000000
84.192965 0.000000
84.352120 0.000000
84.511275 0.000000
84.670430 0.000000
84.829585 0.000000
84.988740 0.000000
85.147895 0.000000
85.307049 0.000000
85.466204 0.000000
85.625359 0.000000
85.784514 0.000000
85.943669 0.000000
86.102824 0.000000
86.261979 0.000000
86.421134 0.000000
86.580289 0.000000
86.739444 0.000000
86.898599 0.000000
87.057754 0.000000
87.216909 0.000000
87.376064 0.000000
87.535219 0.000000
87.694374 0.000000
87.853529 0.000000
88.012684 0.000000
88.171838 0.000000
88.330993 0.000000
88.490148 0.000000
88.649303 0.000000
88.808458 0.000001
88.967613 0.000001
89.126768 0.000001
89.285923 0.000001
89.445078 0.000001
89.604233 0.000001
89.763388 0.000001
89.922543 0.000000
90.081698 0.000000
90.240853 0.000000
90.400008 0.000000
90.559163 0.000000
90.718318 0.000000
90.877473 0.000000
91.036627 0.000001
91.195782 0.000001
91.354937 0.000003
91.514092 0.000006
91.673247 0.000009
91.832402 0.000014
91.991557 0.000019
92.150712 0.000024
92.309867 0.000028
92.469022 0.000031
92.628177 0.000031
92.787332 0.000028
92.946487 0.000024
93.105642 0.000018
93.264797 0.000012
93.423952 0.000007
93.583107 0.000003
93.742261 0.000001
93.901416 0.000000
94.060571 0.000000
94.219726 0.000001
94.378881 0.000001
94.538036 0.000001
94.697191 0.000001
94.856346 0.000000
95.015501 0.000000
95.174656 0.000000
95.333811 0.000000
95.492966 0.000000
95.652121 0.000000
95.811276 0.000000
95.970431 0.000000
96.129586 0.000000
96.288741 0.000000
96.447896 0.000000
96.607050 0.000000
96.766205 0.000000
96.925360 0.000000
97.084515 0.000000
97.243670 0.000000
97.402825 0.000000
97.561980 0.000000
97.721135 0.000000
97.880290 0.000000
98.039445 0.000000
98.198600 0.000000
98.357755 0.000000
98.516910 0.000000
98.676065 0.000000
98.835220 0.000000
98.994375 0.000000
99.153530 0.000000
99.312684 0.000000
99.471839 0.000000
99.630994 0.000000
99.790149 0.000000
99.949304 0.000000
100.108459 0.000000
100.267614 0.000000
100.426769 0.000000
100.585924 0.000000
100.745079 0.000000
100.904234 0.000000
101.063389 0.000000
101.222544 0.000000
101.381699 0.000000
101.540854 0.000000
101.700009 0.000000
101.859164 0.000000
102.018319 0.000000
102.177473 0.000000
102.336628 0.000000
102.495783 0.000000
102.654938 0.000000
102.814093 0.000000
102.973248 0.000000
103.132403 0.000000
103.291558 0.000000
103.450713 0.000000
103.609868 0.000000
103.769023 0.000000
103.928178 0.000000
104.087333 0.000000
104.246488 0.000000
104.405643 0.000000
104.564798 0.000000
104.723953 0.000000
104.883107 0.000000
105.042262 0.000000
105.201417 0.000000
105.360572 0.000000
105.519727 0.000000
105.678882 0.000000
105.838037 0.000000
105.997192 0.000000
106.156347 0.000000
106.315502 0.000000
106.474657 0.000000
106.633812 0.000000
106.792967 0.000000
106.952122 0.000000
107.111277 0.000000
107.270432 0.000000
107.429587 0.000000
107.588742 0.000000
107.747896 0.000000
107.907051 0.000000
108.066206 0.000000
108.225361 0.000000
108.384516 0.000000
108.543671 0.000000
108.702826 0.000000
108.861981 0.000000
109.021136 0.000000
109.180291 0.000000
109.339446 0.000000
109.498601 0.000000
109.657756 0.000000
109.816911 0.000000
109.976066 0.000000
110.135221 0.000000
110.294376 0.000000
110.453531 0.000000
110.612685 0.000000
110.771840 0.000000
110.930995 0.000000
111.090150 0.000000
111.249305 0.000000
111.408460 0.000000
111.567615 0.000000
111.726770 0.000000
111.885925 0.000000
112.045080 0.000000
112.204235 0.000000
112.363390 0.000000
112.522545 0.000000
112.681700 0.000000
112.840855 0.000000
113.000010 0.000000
113.159165 0.000000
113.318319 0.000000
113.477474 0.000000
113.636629 0.000000
113.795784 0.000000
113.954939 0.000000
114.114094 0.000000
114.273249 0.000000
114.432404 0.000000
114.591559 0.000000
114.750714 0.000000
114.909869 0.000000
115.069024 0.000000
115.228179 0.000000
115.387334 0.000000
115.546489 0.000000
115.705644 0.000000
115.864799 0.000000
116.023954 0.000000
116.183108 0.000000
116.342263 0.000000
116.501418 0.000000
116.660573 0.000000
116.819728 0.000000
116.978883 0.000000
117.138038 0.000000
117.297193 0.000000
117.456348 0.000000
117.615503 0.000000
117.774658 0.000000
117.933813 0.000000
118.092968 0.000000
118.252123 0.000000
118.411278 0.000000
118.570433 0.000000
118.729588 0.000000
118.888742 0.000000
119.047897 0.000000
119.207052 0.000000
119.366207 0.000000
119.525362 0.000000
119.684517 0.000000
119.843672 0.000000
120.002827 0.000000
120.161982 0.000000
120.321137 0.000000
120.480292 0.000000
120.639447 0.000000
120.798602 0.000000
120.957757 0.000000
121.116912 0.000000
121.276067 0.000000
121.435222 0.000000
121.594377 0.000000
121.753531 0.000000
121.912686 0.000000
122.071841 0.000000
122.230996 0.000000
122.390151 0.000000
122.549306 0.000000
122.708461 0.000000
122.867616 0.000000
123.026771 0.000000
123.185926 0.000000
123.345081 0.000000
123.504236 0.000000
123.663391 0.000000
123.822546 0.000000
123.981701 0.000000
124.140856 0.000000
124.300011 0.000000
124.459165 0.000000
124.618320 0.000000
124.777475 0.000000
124.936630 0.000000
125.095785 0.000000
125.254940 0.000000
125.414095 0.000000
125.573250 0.000000
125.732405 0.000000
125.891560 0.000000
126.050715 0.000000
126.209870 0.000000
126.369025 0.000000
126.528180 0.000000
126.687335 0.000000
126.846490 0.000000
127.005645 0.000000
127.164800 0.000000
127.323954 0.000000
127.483109 0.000000
127.642264 0.000000
127.801419 0.000000
127.960574 0.000000
128.119729 0.000000
128.278884 0.000000
128.438039 0.000000
128.597194 0.000000
128.756349 0.000000
128.915504 0.000000
129.074659 0.000000
129.233814 0.000000
129.392969 0.000000
129.552124 0.000000
129.711279 0.000000
129.870434 0.000000
130.029589 0.000000
130.188743 0.000000
130.347898 0.000000
130.507053 0.000000
130.666208 0.000000
130.825363 0.000000
130.984518 0.000000
131.143673 0.000000
131.302828 0.000000
131.461983 0.000000
131.621138 0.000000
131.780293 0.000000
131.939448 0.000000
132.098603 0.000000
132.257758 0.000000
132.416913 0.000000
132.576068 0.000000
132.735223 0.000000
132.894377 0.000000
133.053532 0.000000
133.212687 -0.000000
133.371842 0.000000
133.530997 0.000000
133.690152 0.000000
133.849307 0.000000
134.008462 0.000000
134.167617 0.000000
134.326772 0.000000
134.485927 0.000000
134.645082 0.000000
134.804237 0.000000
134.963392 0.000000
135.122547 0.000000
135.281702 0.000000
135.440857 0.000000
135.600012 0.000000
135.759166 0.000000
135.918321 0.000000
136.077476 0.000000
136.236631 0.000000
136.395786 0.000000
136.554941 0.000000
136.714096 0.000000
136.873251 0.000000
137.032406 0.000000
137.191561 0.000000
137.350716 0.000000
137.509871 0.000000
137.669026 0.000000
137.828181 0.000000
137.987336 0.000000
138.146491 0.000000
138.305646 0.000000
138.464800 0.000000
138.623955 0.000000
138.783110 0.000000
138.942265 0.000000
139.101420 0.000000
139.260575 0.000000
139.419730 0.000000
139.578885 0.000000
139.738040 0.000000
139.897195 0.000000
140.056350 0.000000
140.215505 -0.000000
140.374660 0.000000
140.533815 0.000000
140.692970 0.000000
140.852125 0.000000
141.011280 0.000000
141.170435 0.000000
141.329589 0.000000
141.488744 0.000000
141.647899 0.000000
141.807054 0.000000
141.966209 0.000000
142.125364 0.000000
142.284519 0.000000
142.443674 0.000000
142.602829 0.000000
142.761984 0.000000
142.921139 0.000000
143.080294 0.000000
143.239449 0.000000
143.398604 0.000000
143.557759 0.000000
143.716914 0.000000
143.876069 0.000000
144.035223 0.000000
144.194378 -0.000000
144.353533 0.000000
144.512688 0.000000
144.671843 0.000000
144.830998 0.000000
144.990153 0.000000
145.149308 0.000000
145.308463 0.000000
145.467618 0.000000
145.626773 0.000000
145.785928 0.000000
145.945083 0.000000
146.104238 0.000000
146.263393 0.000000
146.422548 0.000000
146.581703 0.000000
146.740858 0.000000
146.900012 0.000000
147.059167 0.000000
147.218322 0.000000
147.377477 0.000000
147.536632 0.000000
147.695787 0.000000
147.854942 0.000000
148.014097 0.000000
148.173252 0.000000
148.332407 0.000000
148.491562 0.000000
148.650717 0.000000
148.809872 0.000000
148.969027 0.000000
149.128182 0.000000
149.287337 0.000000
149.446492 0.000000
149.605647 0.000000
149.764801 0.000000
149.923956 0.000000
150.083111 0.000000
150.242266 -0.000000
150.401421 0.000000
150.560576 0.000000
150.719731 0.000000
150.878886 0.000000
151.038041 0.000000
151.197196 0.000000
151.356351 0.000000
151.515506 0.000000
151.674661 0.000000
151.833816 0.000000
151.992971 0.000000
152.152126 -0.000000
152.311281 -0.000000
152.470435 0.000000
152.629590 0.000000
152.788745 0.000000
152.947900 0.000000
153.107055 -0.000000
153.266210 -0.000000
153.425365 -0.000000
153.584520 0.000000
153.743675 0.000000
153.902830 0.000000
154.061985 0.000000
154.221140 0.000000
154.380295 0.000000
154.539450 0.000000
154.698605 0.000000
154.857760 0.000000
155.016915 0.000000
155.176070 0.000000
155.335224 0.000000
155.494379 0.000000
155.653534 0.000000
155.812689 0.000000
155.971844 0.000000
156.130999 0.000000
156.290154 -0.000000
156.449309 0.000000
156.608464 0.000000
156.767619 0.000000
156.926774 0.000000
157.085929 0.000000
157.245084 -0.000000
157.404239 0.000000
157.563394 0.000000
157.722549 0.000000
157.881704 0.000000
158.040858 0.000000
158.200013 -0.000000
158.359168 -0.000000
158.518323 0.000000
158.677478 0.000000
158.836633 0.000000
158.995788 0.000000
159.154943 -0.000000
